>75
75	74	38	39	40	76	112	111	110	109	73	37	1	2	3	4	
>79
79	78	42	43	44	80	116	115	114	113	77	41	5	6	7	8	
>83
83	82	46	47	48	84	120	119	118	117	81	45	9	10	11	12	
>87
87	86	50	51	52	88	124	123	122	121	85	49	13	14	15	16	
>91
91	90	54	55	56	92	128	127	126	125	89	53	17	18	19	20	
>95
95	94	58	59	60	96	132	131	130	129	93	57	21	22	23	24	
>99
99	98	62	63	64	100	136	135	134	133	97	61	25	26	27	28	
>103
103	102	66	67	68	104	140	139	138	137	101	65	29	30	31	32	
>107
107	106	70	71	72	108	144	143	142	141	105	69	33	34	35	36	
>147
147	146	110	111	112	148	184	183	182	181	145	109	73	74	75	76	
>151
151	150	114	115	116	152	188	187	186	185	149	113	77	78	79	80	
>155
155	154	118	119	120	156	192	191	190	189	153	117	81	82	83	84	
>159
159	158	122	123	124	160	196	195	194	193	157	121	85	86	87	88	
>163
163	162	126	127	128	164	200	199	198	197	161	125	89	90	91	92	
>167
167	166	130	131	132	168	204	203	202	201	165	129	93	94	95	96	
>171
171	170	134	135	136	172	208	207	206	205	169	133	97	98	99	100	
>175
175	174	138	139	140	176	212	211	210	209	173	137	101	102	103	104	
>179
179	178	142	143	144	180	216	215	214	213	177	141	105	106	107	108	
>219
219	218	182	183	184	220	256	255	254	253	217	181	145	146	147	148	
>223
223	222	186	187	188	224	260	259	258	257	221	185	149	150	151	152	
>227
227	226	190	191	192	228	264	263	262	261	225	189	153	154	155	156	
>231
231	230	194	195	196	232	268	267	266	265	229	193	157	158	159	160	
>235
235	234	198	199	200	236	272	271	270	269	233	197	161	162	163	164	
>239
239	238	202	203	204	240	276	275	274	273	237	201	165	166	167	168	
>243
243	242	206	207	208	244	280	279	278	277	241	205	169	170	171	172	
>247
247	246	210	211	212	248	284	283	282	281	245	209	173	174	175	176	
>251
251	250	214	215	216	252	288	287	286	285	249	213	177	178	179	180	
>291
291	290	254	255	256	292	328	327	326	325	289	253	217	218	219	220	
>295
295	294	258	259	260	296	332	331	330	329	293	257	221	222	223	224	
>299
299	298	262	263	264	300	336	335	334	333	297	261	225	226	227	228	
>303
303	302	266	267	268	304	340	339	338	337	301	265	229	230	231	232	
>307
307	306	270	271	272	308	344	343	342	341	305	269	233	234	235	236	
>311
311	310	274	275	276	312	348	347	346	345	309	273	237	238	239	240	
>315
315	314	278	279	280	316	352	351	350	349	313	277	241	242	243	244	
>319
319	318	282	283	284	320	356	355	354	353	317	281	245	246	247	248	
>323
323	322	286	287	288	324	360	359	358	357	321	285	249	250	251	252	
>363
363	362	326	327	328	364	400	399	398	397	361	325	289	290	291	292	
>367
367	366	330	331	332	368	404	403	402	401	365	329	293	294	295	296	
>371
371	370	334	335	336	372	408	407	406	405	369	333	297	298	299	300	
>375
375	374	338	339	340	376	412	411	410	409	373	337	301	302	303	304	
>379
379	378	342	343	344	380	416	415	414	413	377	341	305	306	307	308	
>383
383	382	346	347	348	384	420	419	418	417	381	345	309	310	311	312	
>387
387	386	350	351	352	388	424	423	422	421	385	349	313	314	315	316	
>391
391	390	354	355	356	392	428	427	426	425	389	353	317	318	319	320	
>395
395	394	358	359	360	396	432	431	430	429	393	357	321	322	323	324	
