>75
75	74	38	39	40	76	112	111	110	109	73	37	1	2	3	4	
>79
79	78	42	43	44	80	116	115	114	113	77	41	5	6	7	8	
>83
83	82	46	47	48	84	120	119	118	117	81	45	9	10	11	12	
>87
87	86	50	51	52	88	124	123	122	121	85	49	13	14	15	16	
>91
91	90	54	55	56	92	128	127	126	125	89	53	17	18	19	20	
>95
95	94	58	59	60	96	132	131	130	129	93	57	21	22	23	24	
>99
99	98	62	63	64	100	136	135	134	133	97	61	25	26	27	28	
>103
103	102	66	67	68	104	140	139	138	137	101	65	29	30	31	32	
>107
107	106	70	71	72	108	144	143	142	141	105	69	33	34	35	36	
>219
219	218	182	183	184	220	256	255	254	253	217	181	145	146	147	148	
>223
223	222	186	187	188	224	260	259	258	257	221	185	149	150	151	152	
>227
227	226	190	191	192	228	264	263	262	261	225	189	153	154	155	156	
>231
231	230	194	195	196	232	268	267	266	265	229	193	157	158	159	160	
>235
235	234	198	199	200	236	272	271	270	269	233	197	161	162	163	164	
>239
239	238	202	203	204	240	276	275	274	273	237	201	165	166	167	168	
>243
243	242	206	207	208	244	280	279	278	277	241	205	169	170	171	172	
>247
247	246	210	211	212	248	284	283	282	281	245	209	173	174	175	176	
>251
251	250	214	215	216	252	288	287	286	285	249	213	177	178	179	180	
>363
363	362	326	327	328	364	400	399	398	397	361	325	289	290	291	292	
>367
367	366	330	331	332	368	404	403	402	401	365	329	293	294	295	296	
>371
371	370	334	335	336	372	408	407	406	405	369	333	297	298	299	300	
>375
375	374	338	339	340	376	412	411	410	409	373	337	301	302	303	304	
>379
379	378	342	343	344	380	416	415	414	413	377	341	305	306	307	308	
>383
383	382	346	347	348	384	420	419	418	417	381	345	309	310	311	312	
>387
387	386	350	351	352	388	424	423	422	421	385	349	313	314	315	316	
>391
391	390	354	355	356	392	428	427	426	425	389	353	317	318	319	320	
>395
395	394	358	359	360	396	432	431	430	429	393	357	321	322	323	324	
