##X¡¢Y unit mm	
Param	XOffset=3	  YOffset=5.5	XSpan=.66	YSpan=.66	Rotate=0	Mirror=1	ZoomScale=10
##TID(%03d)	I(%02d)	J(%02d)	X(%5.2f)	Y(%5.2f)
1	1	1	 0.00	 0.00
2	1	2	 0.00	 0.67
3	1	3	 0.00	 1.33
4	1	4	 0.00	 2.00
5	1	5	 0.00	 2.66
6	1	6	 0.00	 3.33
7	1	7	 0.00	 4.00
8	1	8	 0.00	 4.66
9	1	9	 0.00	 5.33
10	1	10	 0.00	 5.99
11	1	11	 0.00	 6.66
12	1	12	 0.00	 7.33
13	1	13	 0.00	 7.99
14	1	14	 0.00	 8.66
15	1	15	 0.00	 9.32
16	1	16	 0.00	 9.99
17	1	17	 0.00	10.66
18	1	18	 0.00	11.32
19	1	19	 0.00	11.99
20	1	20	 0.00	12.65
21	1	21	 0.00	13.32
22	1	22	 0.00	13.99
23	1	23	 0.00	14.65
24	1	24	 0.00	15.32
25	1	25	 0.00	15.98
26	1	26	 0.00	16.65
27	1	27	 0.00	17.32
28	1	28	 0.00	17.98
29	1	29	 0.00	18.65
30	1	30	 0.00	19.31
31	1	31	 0.00	19.98
32	1	32	 0.00	20.65
33	1	33	 0.00	21.31
34	1	34	 0.00	21.98
35	1	35	 0.00	22.64
36	1	36	 0.00	23.31
37	1	37	 0.00	23.98
38	1	38	 0.00	24.64
39	1	39	 0.00	25.31
40	1	40	 0.00	25.97
41	1	41	 0.00	26.64
42	1	42	 0.00	27.31
43	1	43	 0.00	27.97
44	1	44	 0.00	28.64
45	1	45	 0.00	29.30
46	1	46	 0.00	29.97
47	1	47	 0.00	30.64
48	1	48	 0.00	31.30
49	1	49	 0.00	31.97
50	1	50	 0.00	32.63
51	1	51	 0.00	33.30
52	1	52	 0.00	33.97
53	1	53	 0.00	34.63
54	1	54	 0.00	35.30
55	1	55	 0.00	35.96
56	1	56	 0.00	36.63
57	1	57	 0.00	37.30
58	1	58	 0.00	37.96
59	1	59	 0.00	38.63
60	1	60	 0.00	39.29
61	1	61	 0.00	39.96
62	1	62	 0.00	40.63
63	1	63	 0.00	41.29
64	1	64	 0.00	41.96
65	1	65	 0.00	42.62
66	1	66	 0.00	43.29
67	1	67	 0.00	43.96
68	1	68	 0.00	44.62
69	1	69	 0.00	45.29
70	1	70	 0.00	45.95
71	1	71	 0.00	46.62
72	1	72	 0.00	47.29
73	1	73	 0.00	47.95
74	1	74	 0.00	48.62
75	2	1	 0.67	 0.00
76	2	2	 0.67	 0.67
77	2	3	 0.67	 1.33
78	2	4	 0.67	 2.00
79	2	5	 0.67	 2.66
80	2	6	 0.67	 3.33
81	2	7	 0.67	 4.00
82	2	8	 0.67	 4.66
83	2	9	 0.67	 5.33
84	2	10	 0.67	 5.99
85	2	11	 0.67	 6.66
86	2	12	 0.67	 7.33
87	2	13	 0.67	 7.99
88	2	14	 0.67	 8.66
89	2	15	 0.67	 9.32
90	2	16	 0.67	 9.99
91	2	17	 0.67	10.66
92	2	18	 0.67	11.32
93	2	19	 0.67	11.99
94	2	20	 0.67	12.65
95	2	21	 0.67	13.32
96	2	22	 0.67	13.99
97	2	23	 0.67	14.65
98	2	24	 0.67	15.32
99	2	25	 0.67	15.98
100	2	26	 0.67	16.65
101	2	27	 0.67	17.32
102	2	28	 0.67	17.98
103	2	29	 0.67	18.65
104	2	30	 0.67	19.31
105	2	31	 0.67	19.98
106	2	32	 0.67	20.65
107	2	33	 0.67	21.31
108	2	34	 0.67	21.98
109	2	35	 0.67	22.64
110	2	36	 0.67	23.31
111	2	37	 0.67	23.98
112	2	38	 0.67	24.64
113	2	39	 0.67	25.31
114	2	40	 0.67	25.97
115	2	41	 0.67	26.64
116	2	42	 0.67	27.31
117	2	43	 0.67	27.97
118	2	44	 0.67	28.64
119	2	45	 0.67	29.30
120	2	46	 0.67	29.97
121	2	47	 0.67	30.64
122	2	48	 0.67	31.30
123	2	49	 0.67	31.97
124	2	50	 0.67	32.63
125	2	51	 0.67	33.30
126	2	52	 0.67	33.97
127	2	53	 0.67	34.63
128	2	54	 0.67	35.30
129	2	55	 0.67	35.96
130	2	56	 0.67	36.63
131	2	57	 0.67	37.30
132	2	58	 0.67	37.96
133	2	59	 0.67	38.63
134	2	60	 0.67	39.29
135	2	61	 0.67	39.96
136	2	62	 0.67	40.63
137	2	63	 0.67	41.29
138	2	64	 0.67	41.96
139	2	65	 0.67	42.62
140	2	66	 0.67	43.29
141	2	67	 0.67	43.96
142	2	68	 0.67	44.62
143	2	69	 0.67	45.29
144	2	70	 0.67	45.95
145	2	71	 0.67	46.62
146	2	72	 0.67	47.29
147	2	73	 0.67	47.95
148	2	74	 0.67	48.62
149	3	1	 1.33	 0.00
150	3	2	 1.33	 0.67
151	3	3	 1.33	 1.33
152	3	4	 1.33	 2.00
153	3	5	 1.33	 2.66
154	3	6	 1.33	 3.33
155	3	7	 1.33	 4.00
156	3	8	 1.33	 4.66
157	3	9	 1.33	 5.33
158	3	10	 1.33	 5.99
159	3	11	 1.33	 6.66
160	3	12	 1.33	 7.33
161	3	13	 1.33	 7.99
162	3	14	 1.33	 8.66
163	3	15	 1.33	 9.32
164	3	16	 1.33	 9.99
165	3	17	 1.33	10.66
166	3	18	 1.33	11.32
167	3	19	 1.33	11.99
168	3	20	 1.33	12.65
169	3	21	 1.33	13.32
170	3	22	 1.33	13.99
171	3	23	 1.33	14.65
172	3	24	 1.33	15.32
173	3	25	 1.33	15.98
174	3	26	 1.33	16.65
175	3	27	 1.33	17.32
176	3	28	 1.33	17.98
177	3	29	 1.33	18.65
178	3	30	 1.33	19.31
179	3	31	 1.33	19.98
180	3	32	 1.33	20.65
181	3	33	 1.33	21.31
182	3	34	 1.33	21.98
183	3	35	 1.33	22.64
184	3	36	 1.33	23.31
185	3	37	 1.33	23.98
186	3	38	 1.33	24.64
187	3	39	 1.33	25.31
188	3	40	 1.33	25.97
189	3	41	 1.33	26.64
190	3	42	 1.33	27.31
191	3	43	 1.33	27.97
192	3	44	 1.33	28.64
193	3	45	 1.33	29.30
194	3	46	 1.33	29.97
195	3	47	 1.33	30.64
196	3	48	 1.33	31.30
197	3	49	 1.33	31.97
198	3	50	 1.33	32.63
199	3	51	 1.33	33.30
200	3	52	 1.33	33.97
201	3	53	 1.33	34.63
202	3	54	 1.33	35.30
203	3	55	 1.33	35.96
204	3	56	 1.33	36.63
205	3	57	 1.33	37.30
206	3	58	 1.33	37.96
207	3	59	 1.33	38.63
208	3	60	 1.33	39.29
209	3	61	 1.33	39.96
210	3	62	 1.33	40.63
211	3	63	 1.33	41.29
212	3	64	 1.33	41.96
213	3	65	 1.33	42.62
214	3	66	 1.33	43.29
215	3	67	 1.33	43.96
216	3	68	 1.33	44.62
217	3	69	 1.33	45.29
218	3	70	 1.33	45.95
219	3	71	 1.33	46.62
220	3	72	 1.33	47.29
221	3	73	 1.33	47.95
222	3	74	 1.33	48.62
223	4	1	 2.00	 0.00
224	4	2	 2.00	 0.67
225	4	3	 2.00	 1.33
226	4	4	 2.00	 2.00
227	4	5	 2.00	 2.66
228	4	6	 2.00	 3.33
229	4	7	 2.00	 4.00
230	4	8	 2.00	 4.66
231	4	9	 2.00	 5.33
232	4	10	 2.00	 5.99
233	4	11	 2.00	 6.66
234	4	12	 2.00	 7.33
235	4	13	 2.00	 7.99
236	4	14	 2.00	 8.66
237	4	15	 2.00	 9.32
238	4	16	 2.00	 9.99
239	4	17	 2.00	10.66
240	4	18	 2.00	11.32
241	4	19	 2.00	11.99
242	4	20	 2.00	12.65
243	4	21	 2.00	13.32
244	4	22	 2.00	13.99
245	4	23	 2.00	14.65
246	4	24	 2.00	15.32
247	4	25	 2.00	15.98
248	4	26	 2.00	16.65
249	4	27	 2.00	17.32
250	4	28	 2.00	17.98
251	4	29	 2.00	18.65
252	4	30	 2.00	19.31
253	4	31	 2.00	19.98
254	4	32	 2.00	20.65
255	4	33	 2.00	21.31
256	4	34	 2.00	21.98
257	4	35	 2.00	22.64
258	4	36	 2.00	23.31
259	4	37	 2.00	23.98
260	4	38	 2.00	24.64
261	4	39	 2.00	25.31
262	4	40	 2.00	25.97
263	4	41	 2.00	26.64
264	4	42	 2.00	27.31
265	4	43	 2.00	27.97
266	4	44	 2.00	28.64
267	4	45	 2.00	29.30
268	4	46	 2.00	29.97
269	4	47	 2.00	30.64
270	4	48	 2.00	31.30
271	4	49	 2.00	31.97
272	4	50	 2.00	32.63
273	4	51	 2.00	33.30
274	4	52	 2.00	33.97
275	4	53	 2.00	34.63
276	4	54	 2.00	35.30
277	4	55	 2.00	35.96
278	4	56	 2.00	36.63
279	4	57	 2.00	37.30
280	4	58	 2.00	37.96
281	4	59	 2.00	38.63
282	4	60	 2.00	39.29
283	4	61	 2.00	39.96
284	4	62	 2.00	40.63
285	4	63	 2.00	41.29
286	4	64	 2.00	41.96
287	4	65	 2.00	42.62
288	4	66	 2.00	43.29
289	4	67	 2.00	43.96
290	4	68	 2.00	44.62
291	4	69	 2.00	45.29
292	4	70	 2.00	45.95
293	4	71	 2.00	46.62
294	4	72	 2.00	47.29
295	4	73	 2.00	47.95
296	4	74	 2.00	48.62
297	5	1	 2.66	 0.00
298	5	2	 2.66	 0.67
299	5	3	 2.66	 1.33
300	5	4	 2.66	 2.00
301	5	5	 2.66	 2.66
302	5	6	 2.66	 3.33
303	5	7	 2.66	 4.00
304	5	8	 2.66	 4.66
305	5	9	 2.66	 5.33
306	5	10	 2.66	 5.99
307	5	11	 2.66	 6.66
308	5	12	 2.66	 7.33
309	5	13	 2.66	 7.99
310	5	14	 2.66	 8.66
311	5	15	 2.66	 9.32
312	5	16	 2.66	 9.99
313	5	17	 2.66	10.66
314	5	18	 2.66	11.32
315	5	19	 2.66	11.99
316	5	20	 2.66	12.65
317	5	21	 2.66	13.32
318	5	22	 2.66	13.99
319	5	23	 2.66	14.65
320	5	24	 2.66	15.32
321	5	25	 2.66	15.98
322	5	26	 2.66	16.65
323	5	27	 2.66	17.32
324	5	28	 2.66	17.98
325	5	29	 2.66	18.65
326	5	30	 2.66	19.31
327	5	31	 2.66	19.98
328	5	32	 2.66	20.65
329	5	33	 2.66	21.31
330	5	34	 2.66	21.98
331	5	35	 2.66	22.64
332	5	36	 2.66	23.31
333	5	37	 2.66	23.98
334	5	38	 2.66	24.64
335	5	39	 2.66	25.31
336	5	40	 2.66	25.97
337	5	41	 2.66	26.64
338	5	42	 2.66	27.31
339	5	43	 2.66	27.97
340	5	44	 2.66	28.64
341	5	45	 2.66	29.30
342	5	46	 2.66	29.97
343	5	47	 2.66	30.64
344	5	48	 2.66	31.30
345	5	49	 2.66	31.97
346	5	50	 2.66	32.63
347	5	51	 2.66	33.30
348	5	52	 2.66	33.97
349	5	53	 2.66	34.63
350	5	54	 2.66	35.30
351	5	55	 2.66	35.96
352	5	56	 2.66	36.63
353	5	57	 2.66	37.30
354	5	58	 2.66	37.96
355	5	59	 2.66	38.63
356	5	60	 2.66	39.29
357	5	61	 2.66	39.96
358	5	62	 2.66	40.63
359	5	63	 2.66	41.29
360	5	64	 2.66	41.96
361	5	65	 2.66	42.62
362	5	66	 2.66	43.29
363	5	67	 2.66	43.96
364	5	68	 2.66	44.62
365	5	69	 2.66	45.29
366	5	70	 2.66	45.95
367	5	71	 2.66	46.62
368	5	72	 2.66	47.29
369	5	73	 2.66	47.95
370	5	74	 2.66	48.62
371	6	1	 3.33	 0.00
372	6	2	 3.33	 0.67
373	6	3	 3.33	 1.33
374	6	4	 3.33	 2.00
375	6	5	 3.33	 2.66
376	6	6	 3.33	 3.33
377	6	7	 3.33	 4.00
378	6	8	 3.33	 4.66
379	6	9	 3.33	 5.33
380	6	10	 3.33	 5.99
381	6	11	 3.33	 6.66
382	6	12	 3.33	 7.33
383	6	13	 3.33	 7.99
384	6	14	 3.33	 8.66
385	6	15	 3.33	 9.32
386	6	16	 3.33	 9.99
387	6	17	 3.33	10.66
388	6	18	 3.33	11.32
389	6	19	 3.33	11.99
390	6	20	 3.33	12.65
391	6	21	 3.33	13.32
392	6	22	 3.33	13.99
393	6	23	 3.33	14.65
394	6	24	 3.33	15.32
395	6	25	 3.33	15.98
396	6	26	 3.33	16.65
397	6	27	 3.33	17.32
398	6	28	 3.33	17.98
399	6	29	 3.33	18.65
400	6	30	 3.33	19.31
401	6	31	 3.33	19.98
402	6	32	 3.33	20.65
403	6	33	 3.33	21.31
404	6	34	 3.33	21.98
405	6	35	 3.33	22.64
406	6	36	 3.33	23.31
407	6	37	 3.33	23.98
408	6	38	 3.33	24.64
409	6	39	 3.33	25.31
410	6	40	 3.33	25.97
411	6	41	 3.33	26.64
412	6	42	 3.33	27.31
413	6	43	 3.33	27.97
414	6	44	 3.33	28.64
415	6	45	 3.33	29.30
416	6	46	 3.33	29.97
417	6	47	 3.33	30.64
418	6	48	 3.33	31.30
419	6	49	 3.33	31.97
420	6	50	 3.33	32.63
421	6	51	 3.33	33.30
422	6	52	 3.33	33.97
423	6	53	 3.33	34.63
424	6	54	 3.33	35.30
425	6	55	 3.33	35.96
426	6	56	 3.33	36.63
427	6	57	 3.33	37.30
428	6	58	 3.33	37.96
429	6	59	 3.33	38.63
430	6	60	 3.33	39.29
431	6	61	 3.33	39.96
432	6	62	 3.33	40.63
433	6	63	 3.33	41.29
434	6	64	 3.33	41.96
435	6	65	 3.33	42.62
436	6	66	 3.33	43.29
437	6	67	 3.33	43.96
438	6	68	 3.33	44.62
439	6	69	 3.33	45.29
440	6	70	 3.33	45.95
441	6	71	 3.33	46.62
442	6	72	 3.33	47.29
443	6	73	 3.33	47.95
444	6	74	 3.33	48.62
445	7	1	 4.00	 0.00
446	7	2	 4.00	 0.67
447	7	3	 4.00	 1.33
448	7	4	 4.00	 2.00
449	7	5	 4.00	 2.66
450	7	6	 4.00	 3.33
451	7	7	 4.00	 4.00
452	7	8	 4.00	 4.66
453	7	9	 4.00	 5.33
454	7	10	 4.00	 5.99
455	7	11	 4.00	 6.66
456	7	12	 4.00	 7.33
457	7	13	 4.00	 7.99
458	7	14	 4.00	 8.66
459	7	15	 4.00	 9.32
460	7	16	 4.00	 9.99
461	7	17	 4.00	10.66
462	7	18	 4.00	11.32
463	7	19	 4.00	11.99
464	7	20	 4.00	12.65
465	7	21	 4.00	13.32
466	7	22	 4.00	13.99
467	7	23	 4.00	14.65
468	7	24	 4.00	15.32
469	7	25	 4.00	15.98
470	7	26	 4.00	16.65
471	7	27	 4.00	17.32
472	7	28	 4.00	17.98
473	7	29	 4.00	18.65
474	7	30	 4.00	19.31
475	7	31	 4.00	19.98
476	7	32	 4.00	20.65
477	7	33	 4.00	21.31
478	7	34	 4.00	21.98
479	7	35	 4.00	22.64
480	7	36	 4.00	23.31
481	7	37	 4.00	23.98
482	7	38	 4.00	24.64
483	7	39	 4.00	25.31
484	7	40	 4.00	25.97
485	7	41	 4.00	26.64
486	7	42	 4.00	27.31
487	7	43	 4.00	27.97
488	7	44	 4.00	28.64
489	7	45	 4.00	29.30
490	7	46	 4.00	29.97
491	7	47	 4.00	30.64
492	7	48	 4.00	31.30
493	7	49	 4.00	31.97
494	7	50	 4.00	32.63
495	7	51	 4.00	33.30
496	7	52	 4.00	33.97
497	7	53	 4.00	34.63
498	7	54	 4.00	35.30
499	7	55	 4.00	35.96
500	7	56	 4.00	36.63
501	7	57	 4.00	37.30
502	7	58	 4.00	37.96
503	7	59	 4.00	38.63
504	7	60	 4.00	39.29
505	7	61	 4.00	39.96
506	7	62	 4.00	40.63
507	7	63	 4.00	41.29
508	7	64	 4.00	41.96
509	7	65	 4.00	42.62
510	7	66	 4.00	43.29
511	7	67	 4.00	43.96
512	7	68	 4.00	44.62
513	7	69	 4.00	45.29
514	7	70	 4.00	45.95
515	7	71	 4.00	46.62
516	7	72	 4.00	47.29
517	7	73	 4.00	47.95
518	7	74	 4.00	48.62
519	8	1	 4.66	 0.00
520	8	2	 4.66	 0.67
521	8	3	 4.66	 1.33
522	8	4	 4.66	 2.00
523	8	5	 4.66	 2.66
524	8	6	 4.66	 3.33
525	8	7	 4.66	 4.00
526	8	8	 4.66	 4.66
527	8	9	 4.66	 5.33
528	8	10	 4.66	 5.99
529	8	11	 4.66	 6.66
530	8	12	 4.66	 7.33
531	8	13	 4.66	 7.99
532	8	14	 4.66	 8.66
533	8	15	 4.66	 9.32
534	8	16	 4.66	 9.99
535	8	17	 4.66	10.66
536	8	18	 4.66	11.32
537	8	19	 4.66	11.99
538	8	20	 4.66	12.65
539	8	21	 4.66	13.32
540	8	22	 4.66	13.99
541	8	23	 4.66	14.65
542	8	24	 4.66	15.32
543	8	25	 4.66	15.98
544	8	26	 4.66	16.65
545	8	27	 4.66	17.32
546	8	28	 4.66	17.98
547	8	29	 4.66	18.65
548	8	30	 4.66	19.31
549	8	31	 4.66	19.98
550	8	32	 4.66	20.65
551	8	33	 4.66	21.31
552	8	34	 4.66	21.98
553	8	35	 4.66	22.64
554	8	36	 4.66	23.31
555	8	37	 4.66	23.98
556	8	38	 4.66	24.64
557	8	39	 4.66	25.31
558	8	40	 4.66	25.97
559	8	41	 4.66	26.64
560	8	42	 4.66	27.31
561	8	43	 4.66	27.97
562	8	44	 4.66	28.64
563	8	45	 4.66	29.30
564	8	46	 4.66	29.97
565	8	47	 4.66	30.64
566	8	48	 4.66	31.30
567	8	49	 4.66	31.97
568	8	50	 4.66	32.63
569	8	51	 4.66	33.30
570	8	52	 4.66	33.97
571	8	53	 4.66	34.63
572	8	54	 4.66	35.30
573	8	55	 4.66	35.96
574	8	56	 4.66	36.63
575	8	57	 4.66	37.30
576	8	58	 4.66	37.96
577	8	59	 4.66	38.63
578	8	60	 4.66	39.29
579	8	61	 4.66	39.96
580	8	62	 4.66	40.63
581	8	63	 4.66	41.29
582	8	64	 4.66	41.96
583	8	65	 4.66	42.62
584	8	66	 4.66	43.29
585	8	67	 4.66	43.96
586	8	68	 4.66	44.62
587	8	69	 4.66	45.29
588	8	70	 4.66	45.95
589	8	71	 4.66	46.62
590	8	72	 4.66	47.29
591	8	73	 4.66	47.95
592	8	74	 4.66	48.62
593	9	1	 5.33	 0.00
594	9	2	 5.33	 0.67
595	9	3	 5.33	 1.33
596	9	4	 5.33	 2.00
597	9	5	 5.33	 2.66
598	9	6	 5.33	 3.33
599	9	7	 5.33	 4.00
600	9	8	 5.33	 4.66
601	9	9	 5.33	 5.33
602	9	10	 5.33	 5.99
603	9	11	 5.33	 6.66
604	9	12	 5.33	 7.33
605	9	13	 5.33	 7.99
606	9	14	 5.33	 8.66
607	9	15	 5.33	 9.32
608	9	16	 5.33	 9.99
609	9	17	 5.33	10.66
610	9	18	 5.33	11.32
611	9	19	 5.33	11.99
612	9	20	 5.33	12.65
613	9	21	 5.33	13.32
614	9	22	 5.33	13.99
615	9	23	 5.33	14.65
616	9	24	 5.33	15.32
617	9	25	 5.33	15.98
618	9	26	 5.33	16.65
619	9	27	 5.33	17.32
620	9	28	 5.33	17.98
621	9	29	 5.33	18.65
622	9	30	 5.33	19.31
623	9	31	 5.33	19.98
624	9	32	 5.33	20.65
625	9	33	 5.33	21.31
626	9	34	 5.33	21.98
627	9	35	 5.33	22.64
628	9	36	 5.33	23.31
629	9	37	 5.33	23.98
630	9	38	 5.33	24.64
631	9	39	 5.33	25.31
632	9	40	 5.33	25.97
633	9	41	 5.33	26.64
634	9	42	 5.33	27.31
635	9	43	 5.33	27.97
636	9	44	 5.33	28.64
637	9	45	 5.33	29.30
638	9	46	 5.33	29.97
639	9	47	 5.33	30.64
640	9	48	 5.33	31.30
641	9	49	 5.33	31.97
642	9	50	 5.33	32.63
643	9	51	 5.33	33.30
644	9	52	 5.33	33.97
645	9	53	 5.33	34.63
646	9	54	 5.33	35.30
647	9	55	 5.33	35.96
648	9	56	 5.33	36.63
649	9	57	 5.33	37.30
650	9	58	 5.33	37.96
651	9	59	 5.33	38.63
652	9	60	 5.33	39.29
653	9	61	 5.33	39.96
654	9	62	 5.33	40.63
655	9	63	 5.33	41.29
656	9	64	 5.33	41.96
657	9	65	 5.33	42.62
658	9	66	 5.33	43.29
659	9	67	 5.33	43.96
660	9	68	 5.33	44.62
661	9	69	 5.33	45.29
662	9	70	 5.33	45.95
663	9	71	 5.33	46.62
664	9	72	 5.33	47.29
665	9	73	 5.33	47.95
666	9	74	 5.33	48.62
667	10	1	 5.99	 0.00
668	10	2	 5.99	 0.67
669	10	3	 5.99	 1.33
670	10	4	 5.99	 2.00
671	10	5	 5.99	 2.66
672	10	6	 5.99	 3.33
673	10	7	 5.99	 4.00
674	10	8	 5.99	 4.66
675	10	9	 5.99	 5.33
676	10	10	 5.99	 5.99
677	10	11	 5.99	 6.66
678	10	12	 5.99	 7.33
679	10	13	 5.99	 7.99
680	10	14	 5.99	 8.66
681	10	15	 5.99	 9.32
682	10	16	 5.99	 9.99
683	10	17	 5.99	10.66
684	10	18	 5.99	11.32
685	10	19	 5.99	11.99
686	10	20	 5.99	12.65
687	10	21	 5.99	13.32
688	10	22	 5.99	13.99
689	10	23	 5.99	14.65
690	10	24	 5.99	15.32
691	10	25	 5.99	15.98
692	10	26	 5.99	16.65
693	10	27	 5.99	17.32
694	10	28	 5.99	17.98
695	10	29	 5.99	18.65
696	10	30	 5.99	19.31
697	10	31	 5.99	19.98
698	10	32	 5.99	20.65
699	10	33	 5.99	21.31
700	10	34	 5.99	21.98
701	10	35	 5.99	22.64
702	10	36	 5.99	23.31
703	10	37	 5.99	23.98
704	10	38	 5.99	24.64
705	10	39	 5.99	25.31
706	10	40	 5.99	25.97
707	10	41	 5.99	26.64
708	10	42	 5.99	27.31
709	10	43	 5.99	27.97
710	10	44	 5.99	28.64
711	10	45	 5.99	29.30
712	10	46	 5.99	29.97
713	10	47	 5.99	30.64
714	10	48	 5.99	31.30
715	10	49	 5.99	31.97
716	10	50	 5.99	32.63
717	10	51	 5.99	33.30
718	10	52	 5.99	33.97
719	10	53	 5.99	34.63
720	10	54	 5.99	35.30
721	10	55	 5.99	35.96
722	10	56	 5.99	36.63
723	10	57	 5.99	37.30
724	10	58	 5.99	37.96
725	10	59	 5.99	38.63
726	10	60	 5.99	39.29
727	10	61	 5.99	39.96
728	10	62	 5.99	40.63
729	10	63	 5.99	41.29
730	10	64	 5.99	41.96
731	10	65	 5.99	42.62
732	10	66	 5.99	43.29
733	10	67	 5.99	43.96
734	10	68	 5.99	44.62
735	10	69	 5.99	45.29
736	10	70	 5.99	45.95
737	10	71	 5.99	46.62
738	10	72	 5.99	47.29
739	10	73	 5.99	47.95
740	10	74	 5.99	48.62
741	11	1	 6.66	 0.00
742	11	2	 6.66	 0.67
743	11	3	 6.66	 1.33
744	11	4	 6.66	 2.00
745	11	5	 6.66	 2.66
746	11	6	 6.66	 3.33
747	11	7	 6.66	 4.00
748	11	8	 6.66	 4.66
749	11	9	 6.66	 5.33
750	11	10	 6.66	 5.99
751	11	11	 6.66	 6.66
752	11	12	 6.66	 7.33
753	11	13	 6.66	 7.99
754	11	14	 6.66	 8.66
755	11	15	 6.66	 9.32
756	11	16	 6.66	 9.99
757	11	17	 6.66	10.66
758	11	18	 6.66	11.32
759	11	19	 6.66	11.99
760	11	20	 6.66	12.65
761	11	21	 6.66	13.32
762	11	22	 6.66	13.99
763	11	23	 6.66	14.65
764	11	24	 6.66	15.32
765	11	25	 6.66	15.98
766	11	26	 6.66	16.65
767	11	27	 6.66	17.32
768	11	28	 6.66	17.98
769	11	29	 6.66	18.65
770	11	30	 6.66	19.31
771	11	31	 6.66	19.98
772	11	32	 6.66	20.65
773	11	33	 6.66	21.31
774	11	34	 6.66	21.98
775	11	35	 6.66	22.64
776	11	36	 6.66	23.31
777	11	37	 6.66	23.98
778	11	38	 6.66	24.64
779	11	39	 6.66	25.31
780	11	40	 6.66	25.97
781	11	41	 6.66	26.64
782	11	42	 6.66	27.31
783	11	43	 6.66	27.97
784	11	44	 6.66	28.64
785	11	45	 6.66	29.30
786	11	46	 6.66	29.97
787	11	47	 6.66	30.64
788	11	48	 6.66	31.30
789	11	49	 6.66	31.97
790	11	50	 6.66	32.63
791	11	51	 6.66	33.30
792	11	52	 6.66	33.97
793	11	53	 6.66	34.63
794	11	54	 6.66	35.30
795	11	55	 6.66	35.96
796	11	56	 6.66	36.63
797	11	57	 6.66	37.30
798	11	58	 6.66	37.96
799	11	59	 6.66	38.63
800	11	60	 6.66	39.29
801	11	61	 6.66	39.96
802	11	62	 6.66	40.63
803	11	63	 6.66	41.29
804	11	64	 6.66	41.96
805	11	65	 6.66	42.62
806	11	66	 6.66	43.29
807	11	67	 6.66	43.96
808	11	68	 6.66	44.62
809	11	69	 6.66	45.29
810	11	70	 6.66	45.95
811	11	71	 6.66	46.62
812	11	72	 6.66	47.29
813	11	73	 6.66	47.95
814	11	74	 6.66	48.62
815	12	1	 7.33	 0.00
816	12	2	 7.33	 0.67
817	12	3	 7.33	 1.33
818	12	4	 7.33	 2.00
819	12	5	 7.33	 2.66
820	12	6	 7.33	 3.33
821	12	7	 7.33	 4.00
822	12	8	 7.33	 4.66
823	12	9	 7.33	 5.33
824	12	10	 7.33	 5.99
825	12	11	 7.33	 6.66
826	12	12	 7.33	 7.33
827	12	13	 7.33	 7.99
828	12	14	 7.33	 8.66
829	12	15	 7.33	 9.32
830	12	16	 7.33	 9.99
831	12	17	 7.33	10.66
832	12	18	 7.33	11.32
833	12	19	 7.33	11.99
834	12	20	 7.33	12.65
835	12	21	 7.33	13.32
836	12	22	 7.33	13.99
837	12	23	 7.33	14.65
838	12	24	 7.33	15.32
839	12	25	 7.33	15.98
840	12	26	 7.33	16.65
841	12	27	 7.33	17.32
842	12	28	 7.33	17.98
843	12	29	 7.33	18.65
844	12	30	 7.33	19.31
845	12	31	 7.33	19.98
846	12	32	 7.33	20.65
847	12	33	 7.33	21.31
848	12	34	 7.33	21.98
849	12	35	 7.33	22.64
850	12	36	 7.33	23.31
851	12	37	 7.33	23.98
852	12	38	 7.33	24.64
853	12	39	 7.33	25.31
854	12	40	 7.33	25.97
855	12	41	 7.33	26.64
856	12	42	 7.33	27.31
857	12	43	 7.33	27.97
858	12	44	 7.33	28.64
859	12	45	 7.33	29.30
860	12	46	 7.33	29.97
861	12	47	 7.33	30.64
862	12	48	 7.33	31.30
863	12	49	 7.33	31.97
864	12	50	 7.33	32.63
865	12	51	 7.33	33.30
866	12	52	 7.33	33.97
867	12	53	 7.33	34.63
868	12	54	 7.33	35.30
869	12	55	 7.33	35.96
870	12	56	 7.33	36.63
871	12	57	 7.33	37.30
872	12	58	 7.33	37.96
873	12	59	 7.33	38.63
874	12	60	 7.33	39.29
875	12	61	 7.33	39.96
876	12	62	 7.33	40.63
877	12	63	 7.33	41.29
878	12	64	 7.33	41.96
879	12	65	 7.33	42.62
880	12	66	 7.33	43.29
881	12	67	 7.33	43.96
882	12	68	 7.33	44.62
883	12	69	 7.33	45.29
884	12	70	 7.33	45.95
885	12	71	 7.33	46.62
886	12	72	 7.33	47.29
887	12	73	 7.33	47.95
888	12	74	 7.33	48.62
889	13	1	 7.99	 0.00
890	13	2	 7.99	 0.67
891	13	3	 7.99	 1.33
892	13	4	 7.99	 2.00
893	13	5	 7.99	 2.66
894	13	6	 7.99	 3.33
895	13	7	 7.99	 4.00
896	13	8	 7.99	 4.66
897	13	9	 7.99	 5.33
898	13	10	 7.99	 5.99
899	13	11	 7.99	 6.66
900	13	12	 7.99	 7.33
901	13	13	 7.99	 7.99
902	13	14	 7.99	 8.66
903	13	15	 7.99	 9.32
904	13	16	 7.99	 9.99
905	13	17	 7.99	10.66
906	13	18	 7.99	11.32
907	13	19	 7.99	11.99
908	13	20	 7.99	12.65
909	13	21	 7.99	13.32
910	13	22	 7.99	13.99
911	13	23	 7.99	14.65
912	13	24	 7.99	15.32
913	13	25	 7.99	15.98
914	13	26	 7.99	16.65
915	13	27	 7.99	17.32
916	13	28	 7.99	17.98
917	13	29	 7.99	18.65
918	13	30	 7.99	19.31
919	13	31	 7.99	19.98
920	13	32	 7.99	20.65
921	13	33	 7.99	21.31
922	13	34	 7.99	21.98
923	13	35	 7.99	22.64
924	13	36	 7.99	23.31
925	13	37	 7.99	23.98
926	13	38	 7.99	24.64
927	13	39	 7.99	25.31
928	13	40	 7.99	25.97
929	13	41	 7.99	26.64
930	13	42	 7.99	27.31
931	13	43	 7.99	27.97
932	13	44	 7.99	28.64
933	13	45	 7.99	29.30
934	13	46	 7.99	29.97
935	13	47	 7.99	30.64
936	13	48	 7.99	31.30
937	13	49	 7.99	31.97
938	13	50	 7.99	32.63
939	13	51	 7.99	33.30
940	13	52	 7.99	33.97
941	13	53	 7.99	34.63
942	13	54	 7.99	35.30
943	13	55	 7.99	35.96
944	13	56	 7.99	36.63
945	13	57	 7.99	37.30
946	13	58	 7.99	37.96
947	13	59	 7.99	38.63
948	13	60	 7.99	39.29
949	13	61	 7.99	39.96
950	13	62	 7.99	40.63
951	13	63	 7.99	41.29
952	13	64	 7.99	41.96
953	13	65	 7.99	42.62
954	13	66	 7.99	43.29
955	13	67	 7.99	43.96
956	13	68	 7.99	44.62
957	13	69	 7.99	45.29
958	13	70	 7.99	45.95
959	13	71	 7.99	46.62
960	13	72	 7.99	47.29
961	13	73	 7.99	47.95
962	13	74	 7.99	48.62
963	14	1	 8.66	 0.00
964	14	2	 8.66	 0.67
965	14	3	 8.66	 1.33
966	14	4	 8.66	 2.00
967	14	5	 8.66	 2.66
968	14	6	 8.66	 3.33
969	14	7	 8.66	 4.00
970	14	8	 8.66	 4.66
971	14	9	 8.66	 5.33
972	14	10	 8.66	 5.99
973	14	11	 8.66	 6.66
974	14	12	 8.66	 7.33
975	14	13	 8.66	 7.99
976	14	14	 8.66	 8.66
977	14	15	 8.66	 9.32
978	14	16	 8.66	 9.99
979	14	17	 8.66	10.66
980	14	18	 8.66	11.32
981	14	19	 8.66	11.99
982	14	20	 8.66	12.65
983	14	21	 8.66	13.32
984	14	22	 8.66	13.99
985	14	23	 8.66	14.65
986	14	24	 8.66	15.32
987	14	25	 8.66	15.98
988	14	26	 8.66	16.65
989	14	27	 8.66	17.32
990	14	28	 8.66	17.98
991	14	29	 8.66	18.65
992	14	30	 8.66	19.31
993	14	31	 8.66	19.98
994	14	32	 8.66	20.65
995	14	33	 8.66	21.31
996	14	34	 8.66	21.98
997	14	35	 8.66	22.64
998	14	36	 8.66	23.31
999	14	37	 8.66	23.98
1000	14	38	 8.66	24.64
1001	14	39	 8.66	25.31
1002	14	40	 8.66	25.97
1003	14	41	 8.66	26.64
1004	14	42	 8.66	27.31
1005	14	43	 8.66	27.97
1006	14	44	 8.66	28.64
1007	14	45	 8.66	29.30
1008	14	46	 8.66	29.97
1009	14	47	 8.66	30.64
1010	14	48	 8.66	31.30
1011	14	49	 8.66	31.97
1012	14	50	 8.66	32.63
1013	14	51	 8.66	33.30
1014	14	52	 8.66	33.97
1015	14	53	 8.66	34.63
1016	14	54	 8.66	35.30
1017	14	55	 8.66	35.96
1018	14	56	 8.66	36.63
1019	14	57	 8.66	37.30
1020	14	58	 8.66	37.96
1021	14	59	 8.66	38.63
1022	14	60	 8.66	39.29
1023	14	61	 8.66	39.96
1024	14	62	 8.66	40.63
1025	14	63	 8.66	41.29
1026	14	64	 8.66	41.96
1027	14	65	 8.66	42.62
1028	14	66	 8.66	43.29
1029	14	67	 8.66	43.96
1030	14	68	 8.66	44.62
1031	14	69	 8.66	45.29
1032	14	70	 8.66	45.95
1033	14	71	 8.66	46.62
1034	14	72	 8.66	47.29
1035	14	73	 8.66	47.95
1036	14	74	 8.66	48.62
1037	15	1	 9.32	 0.00
1038	15	2	 9.32	 0.67
1039	15	3	 9.32	 1.33
1040	15	4	 9.32	 2.00
1041	15	5	 9.32	 2.66
1042	15	6	 9.32	 3.33
1043	15	7	 9.32	 4.00
1044	15	8	 9.32	 4.66
1045	15	9	 9.32	 5.33
1046	15	10	 9.32	 5.99
1047	15	11	 9.32	 6.66
1048	15	12	 9.32	 7.33
1049	15	13	 9.32	 7.99
1050	15	14	 9.32	 8.66
1051	15	15	 9.32	 9.32
1052	15	16	 9.32	 9.99
1053	15	17	 9.32	10.66
1054	15	18	 9.32	11.32
1055	15	19	 9.32	11.99
1056	15	20	 9.32	12.65
1057	15	21	 9.32	13.32
1058	15	22	 9.32	13.99
1059	15	23	 9.32	14.65
1060	15	24	 9.32	15.32
1061	15	25	 9.32	15.98
1062	15	26	 9.32	16.65
1063	15	27	 9.32	17.32
1064	15	28	 9.32	17.98
1065	15	29	 9.32	18.65
1066	15	30	 9.32	19.31
1067	15	31	 9.32	19.98
1068	15	32	 9.32	20.65
1069	15	33	 9.32	21.31
1070	15	34	 9.32	21.98
1071	15	35	 9.32	22.64
1072	15	36	 9.32	23.31
1073	15	37	 9.32	23.98
1074	15	38	 9.32	24.64
1075	15	39	 9.32	25.31
1076	15	40	 9.32	25.97
1077	15	41	 9.32	26.64
1078	15	42	 9.32	27.31
1079	15	43	 9.32	27.97
1080	15	44	 9.32	28.64
1081	15	45	 9.32	29.30
1082	15	46	 9.32	29.97
1083	15	47	 9.32	30.64
1084	15	48	 9.32	31.30
1085	15	49	 9.32	31.97
1086	15	50	 9.32	32.63
1087	15	51	 9.32	33.30
1088	15	52	 9.32	33.97
1089	15	53	 9.32	34.63
1090	15	54	 9.32	35.30
1091	15	55	 9.32	35.96
1092	15	56	 9.32	36.63
1093	15	57	 9.32	37.30
1094	15	58	 9.32	37.96
1095	15	59	 9.32	38.63
1096	15	60	 9.32	39.29
1097	15	61	 9.32	39.96
1098	15	62	 9.32	40.63
1099	15	63	 9.32	41.29
1100	15	64	 9.32	41.96
1101	15	65	 9.32	42.62
1102	15	66	 9.32	43.29
1103	15	67	 9.32	43.96
1104	15	68	 9.32	44.62
1105	15	69	 9.32	45.29
1106	15	70	 9.32	45.95
1107	15	71	 9.32	46.62
1108	15	72	 9.32	47.29
1109	15	73	 9.32	47.95
1110	15	74	 9.32	48.62
1111	16	1	 9.99	 0.00
1112	16	2	 9.99	 0.67
1113	16	3	 9.99	 1.33
1114	16	4	 9.99	 2.00
1115	16	5	 9.99	 2.66
1116	16	6	 9.99	 3.33
1117	16	7	 9.99	 4.00
1118	16	8	 9.99	 4.66
1119	16	9	 9.99	 5.33
1120	16	10	 9.99	 5.99
1121	16	11	 9.99	 6.66
1122	16	12	 9.99	 7.33
1123	16	13	 9.99	 7.99
1124	16	14	 9.99	 8.66
1125	16	15	 9.99	 9.32
1126	16	16	 9.99	 9.99
1127	16	17	 9.99	10.66
1128	16	18	 9.99	11.32
1129	16	19	 9.99	11.99
1130	16	20	 9.99	12.65
1131	16	21	 9.99	13.32
1132	16	22	 9.99	13.99
1133	16	23	 9.99	14.65
1134	16	24	 9.99	15.32
1135	16	25	 9.99	15.98
1136	16	26	 9.99	16.65
1137	16	27	 9.99	17.32
1138	16	28	 9.99	17.98
1139	16	29	 9.99	18.65
1140	16	30	 9.99	19.31
1141	16	31	 9.99	19.98
1142	16	32	 9.99	20.65
1143	16	33	 9.99	21.31
1144	16	34	 9.99	21.98
1145	16	35	 9.99	22.64
1146	16	36	 9.99	23.31
1147	16	37	 9.99	23.98
1148	16	38	 9.99	24.64
1149	16	39	 9.99	25.31
1150	16	40	 9.99	25.97
1151	16	41	 9.99	26.64
1152	16	42	 9.99	27.31
1153	16	43	 9.99	27.97
1154	16	44	 9.99	28.64
1155	16	45	 9.99	29.30
1156	16	46	 9.99	29.97
1157	16	47	 9.99	30.64
1158	16	48	 9.99	31.30
1159	16	49	 9.99	31.97
1160	16	50	 9.99	32.63
1161	16	51	 9.99	33.30
1162	16	52	 9.99	33.97
1163	16	53	 9.99	34.63
1164	16	54	 9.99	35.30
1165	16	55	 9.99	35.96
1166	16	56	 9.99	36.63
1167	16	57	 9.99	37.30
1168	16	58	 9.99	37.96
1169	16	59	 9.99	38.63
1170	16	60	 9.99	39.29
1171	16	61	 9.99	39.96
1172	16	62	 9.99	40.63
1173	16	63	 9.99	41.29
1174	16	64	 9.99	41.96
1175	16	65	 9.99	42.62
1176	16	66	 9.99	43.29
1177	16	67	 9.99	43.96
1178	16	68	 9.99	44.62
1179	16	69	 9.99	45.29
1180	16	70	 9.99	45.95
1181	16	71	 9.99	46.62
1182	16	72	 9.99	47.29
1183	16	73	 9.99	47.95
1184	16	74	 9.99	48.62
1185	17	1	10.66	 0.00
1186	17	2	10.66	 0.67
1187	17	3	10.66	 1.33
1188	17	4	10.66	 2.00
1189	17	5	10.66	 2.66
1190	17	6	10.66	 3.33
1191	17	7	10.66	 4.00
1192	17	8	10.66	 4.66
1193	17	9	10.66	 5.33
1194	17	10	10.66	 5.99
1195	17	11	10.66	 6.66
1196	17	12	10.66	 7.33
1197	17	13	10.66	 7.99
1198	17	14	10.66	 8.66
1199	17	15	10.66	 9.32
1200	17	16	10.66	 9.99
1201	17	17	10.66	10.66
1202	17	18	10.66	11.32
1203	17	19	10.66	11.99
1204	17	20	10.66	12.65
1205	17	21	10.66	13.32
1206	17	22	10.66	13.99
1207	17	23	10.66	14.65
1208	17	24	10.66	15.32
1209	17	25	10.66	15.98
1210	17	26	10.66	16.65
1211	17	27	10.66	17.32
1212	17	28	10.66	17.98
1213	17	29	10.66	18.65
1214	17	30	10.66	19.31
1215	17	31	10.66	19.98
1216	17	32	10.66	20.65
1217	17	33	10.66	21.31
1218	17	34	10.66	21.98
1219	17	35	10.66	22.64
1220	17	36	10.66	23.31
1221	17	37	10.66	23.98
1222	17	38	10.66	24.64
1223	17	39	10.66	25.31
1224	17	40	10.66	25.97
1225	17	41	10.66	26.64
1226	17	42	10.66	27.31
1227	17	43	10.66	27.97
1228	17	44	10.66	28.64
1229	17	45	10.66	29.30
1230	17	46	10.66	29.97
1231	17	47	10.66	30.64
1232	17	48	10.66	31.30
1233	17	49	10.66	31.97
1234	17	50	10.66	32.63
1235	17	51	10.66	33.30
1236	17	52	10.66	33.97
1237	17	53	10.66	34.63
1238	17	54	10.66	35.30
1239	17	55	10.66	35.96
1240	17	56	10.66	36.63
1241	17	57	10.66	37.30
1242	17	58	10.66	37.96
1243	17	59	10.66	38.63
1244	17	60	10.66	39.29
1245	17	61	10.66	39.96
1246	17	62	10.66	40.63
1247	17	63	10.66	41.29
1248	17	64	10.66	41.96
1249	17	65	10.66	42.62
1250	17	66	10.66	43.29
1251	17	67	10.66	43.96
1252	17	68	10.66	44.62
1253	17	69	10.66	45.29
1254	17	70	10.66	45.95
1255	17	71	10.66	46.62
1256	17	72	10.66	47.29
1257	17	73	10.66	47.95
1258	17	74	10.66	48.62
1259	18	1	11.32	 0.00
1260	18	2	11.32	 0.67
1261	18	3	11.32	 1.33
1262	18	4	11.32	 2.00
1263	18	5	11.32	 2.66
1264	18	6	11.32	 3.33
1265	18	7	11.32	 4.00
1266	18	8	11.32	 4.66
1267	18	9	11.32	 5.33
1268	18	10	11.32	 5.99
1269	18	11	11.32	 6.66
1270	18	12	11.32	 7.33
1271	18	13	11.32	 7.99
1272	18	14	11.32	 8.66
1273	18	15	11.32	 9.32
1274	18	16	11.32	 9.99
1275	18	17	11.32	10.66
1276	18	18	11.32	11.32
1277	18	19	11.32	11.99
1278	18	20	11.32	12.65
1279	18	21	11.32	13.32
1280	18	22	11.32	13.99
1281	18	23	11.32	14.65
1282	18	24	11.32	15.32
1283	18	25	11.32	15.98
1284	18	26	11.32	16.65
1285	18	27	11.32	17.32
1286	18	28	11.32	17.98
1287	18	29	11.32	18.65
1288	18	30	11.32	19.31
1289	18	31	11.32	19.98
1290	18	32	11.32	20.65
1291	18	33	11.32	21.31
1292	18	34	11.32	21.98
1293	18	35	11.32	22.64
1294	18	36	11.32	23.31
1295	18	37	11.32	23.98
1296	18	38	11.32	24.64
1297	18	39	11.32	25.31
1298	18	40	11.32	25.97
1299	18	41	11.32	26.64
1300	18	42	11.32	27.31
1301	18	43	11.32	27.97
1302	18	44	11.32	28.64
1303	18	45	11.32	29.30
1304	18	46	11.32	29.97
1305	18	47	11.32	30.64
1306	18	48	11.32	31.30
1307	18	49	11.32	31.97
1308	18	50	11.32	32.63
1309	18	51	11.32	33.30
1310	18	52	11.32	33.97
1311	18	53	11.32	34.63
1312	18	54	11.32	35.30
1313	18	55	11.32	35.96
1314	18	56	11.32	36.63
1315	18	57	11.32	37.30
1316	18	58	11.32	37.96
1317	18	59	11.32	38.63
1318	18	60	11.32	39.29
1319	18	61	11.32	39.96
1320	18	62	11.32	40.63
1321	18	63	11.32	41.29
1322	18	64	11.32	41.96
1323	18	65	11.32	42.62
1324	18	66	11.32	43.29
1325	18	67	11.32	43.96
1326	18	68	11.32	44.62
1327	18	69	11.32	45.29
1328	18	70	11.32	45.95
1329	18	71	11.32	46.62
1330	18	72	11.32	47.29
1331	18	73	11.32	47.95
1332	18	74	11.32	48.62
1333	19	1	11.99	 0.00
1334	19	2	11.99	 0.67
1335	19	3	11.99	 1.33
1336	19	4	11.99	 2.00
1337	19	5	11.99	 2.66
1338	19	6	11.99	 3.33
1339	19	7	11.99	 4.00
1340	19	8	11.99	 4.66
1341	19	9	11.99	 5.33
1342	19	10	11.99	 5.99
1343	19	11	11.99	 6.66
1344	19	12	11.99	 7.33
1345	19	13	11.99	 7.99
1346	19	14	11.99	 8.66
1347	19	15	11.99	 9.32
1348	19	16	11.99	 9.99
1349	19	17	11.99	10.66
1350	19	18	11.99	11.32
1351	19	19	11.99	11.99
1352	19	20	11.99	12.65
1353	19	21	11.99	13.32
1354	19	22	11.99	13.99
1355	19	23	11.99	14.65
1356	19	24	11.99	15.32
1357	19	25	11.99	15.98
1358	19	26	11.99	16.65
1359	19	27	11.99	17.32
1360	19	28	11.99	17.98
1361	19	29	11.99	18.65
1362	19	30	11.99	19.31
1363	19	31	11.99	19.98
1364	19	32	11.99	20.65
1365	19	33	11.99	21.31
1366	19	34	11.99	21.98
1367	19	35	11.99	22.64
1368	19	36	11.99	23.31
1369	19	37	11.99	23.98
1370	19	38	11.99	24.64
1371	19	39	11.99	25.31
1372	19	40	11.99	25.97
1373	19	41	11.99	26.64
1374	19	42	11.99	27.31
1375	19	43	11.99	27.97
1376	19	44	11.99	28.64
1377	19	45	11.99	29.30
1378	19	46	11.99	29.97
1379	19	47	11.99	30.64
1380	19	48	11.99	31.30
1381	19	49	11.99	31.97
1382	19	50	11.99	32.63
1383	19	51	11.99	33.30
1384	19	52	11.99	33.97
1385	19	53	11.99	34.63
1386	19	54	11.99	35.30
1387	19	55	11.99	35.96
1388	19	56	11.99	36.63
1389	19	57	11.99	37.30
1390	19	58	11.99	37.96
1391	19	59	11.99	38.63
1392	19	60	11.99	39.29
1393	19	61	11.99	39.96
1394	19	62	11.99	40.63
1395	19	63	11.99	41.29
1396	19	64	11.99	41.96
1397	19	65	11.99	42.62
1398	19	66	11.99	43.29
1399	19	67	11.99	43.96
1400	19	68	11.99	44.62
1401	19	69	11.99	45.29
1402	19	70	11.99	45.95
1403	19	71	11.99	46.62
1404	19	72	11.99	47.29
1405	19	73	11.99	47.95
1406	19	74	11.99	48.62
1407	20	1	12.65	 0.00
1408	20	2	12.65	 0.67
1409	20	3	12.65	 1.33
1410	20	4	12.65	 2.00
1411	20	5	12.65	 2.66
1412	20	6	12.65	 3.33
1413	20	7	12.65	 4.00
1414	20	8	12.65	 4.66
1415	20	9	12.65	 5.33
1416	20	10	12.65	 5.99
1417	20	11	12.65	 6.66
1418	20	12	12.65	 7.33
1419	20	13	12.65	 7.99
1420	20	14	12.65	 8.66
1421	20	15	12.65	 9.32
1422	20	16	12.65	 9.99
1423	20	17	12.65	10.66
1424	20	18	12.65	11.32
1425	20	19	12.65	11.99
1426	20	20	12.65	12.65
1427	20	21	12.65	13.32
1428	20	22	12.65	13.99
1429	20	23	12.65	14.65
1430	20	24	12.65	15.32
1431	20	25	12.65	15.98
1432	20	26	12.65	16.65
1433	20	27	12.65	17.32
1434	20	28	12.65	17.98
1435	20	29	12.65	18.65
1436	20	30	12.65	19.31
1437	20	31	12.65	19.98
1438	20	32	12.65	20.65
1439	20	33	12.65	21.31
1440	20	34	12.65	21.98
1441	20	35	12.65	22.64
1442	20	36	12.65	23.31
1443	20	37	12.65	23.98
1444	20	38	12.65	24.64
1445	20	39	12.65	25.31
1446	20	40	12.65	25.97
1447	20	41	12.65	26.64
1448	20	42	12.65	27.31
1449	20	43	12.65	27.97
1450	20	44	12.65	28.64
1451	20	45	12.65	29.30
1452	20	46	12.65	29.97
1453	20	47	12.65	30.64
1454	20	48	12.65	31.30
1455	20	49	12.65	31.97
1456	20	50	12.65	32.63
1457	20	51	12.65	33.30
1458	20	52	12.65	33.97
1459	20	53	12.65	34.63
1460	20	54	12.65	35.30
1461	20	55	12.65	35.96
1462	20	56	12.65	36.63
1463	20	57	12.65	37.30
1464	20	58	12.65	37.96
1465	20	59	12.65	38.63
1466	20	60	12.65	39.29
1467	20	61	12.65	39.96
1468	20	62	12.65	40.63
1469	20	63	12.65	41.29
1470	20	64	12.65	41.96
1471	20	65	12.65	42.62
1472	20	66	12.65	43.29
1473	20	67	12.65	43.96
1474	20	68	12.65	44.62
1475	20	69	12.65	45.29
1476	20	70	12.65	45.95
1477	20	71	12.65	46.62
1478	20	72	12.65	47.29
1479	20	73	12.65	47.95
1480	20	74	12.65	48.62
1481	21	1	13.32	 0.00
1482	21	2	13.32	 0.67
1483	21	3	13.32	 1.33
1484	21	4	13.32	 2.00
1485	21	5	13.32	 2.66
1486	21	6	13.32	 3.33
1487	21	7	13.32	 4.00
1488	21	8	13.32	 4.66
1489	21	9	13.32	 5.33
1490	21	10	13.32	 5.99
1491	21	11	13.32	 6.66
1492	21	12	13.32	 7.33
1493	21	13	13.32	 7.99
1494	21	14	13.32	 8.66
1495	21	15	13.32	 9.32
1496	21	16	13.32	 9.99
1497	21	17	13.32	10.66
1498	21	18	13.32	11.32
1499	21	19	13.32	11.99
1500	21	20	13.32	12.65
1501	21	21	13.32	13.32
1502	21	22	13.32	13.99
1503	21	23	13.32	14.65
1504	21	24	13.32	15.32
1505	21	25	13.32	15.98
1506	21	26	13.32	16.65
1507	21	27	13.32	17.32
1508	21	28	13.32	17.98
1509	21	29	13.32	18.65
1510	21	30	13.32	19.31
1511	21	31	13.32	19.98
1512	21	32	13.32	20.65
1513	21	33	13.32	21.31
1514	21	34	13.32	21.98
1515	21	35	13.32	22.64
1516	21	36	13.32	23.31
1517	21	37	13.32	23.98
1518	21	38	13.32	24.64
1519	21	39	13.32	25.31
1520	21	40	13.32	25.97
1521	21	41	13.32	26.64
1522	21	42	13.32	27.31
1523	21	43	13.32	27.97
1524	21	44	13.32	28.64
1525	21	45	13.32	29.30
1526	21	46	13.32	29.97
1527	21	47	13.32	30.64
1528	21	48	13.32	31.30
1529	21	49	13.32	31.97
1530	21	50	13.32	32.63
1531	21	51	13.32	33.30
1532	21	52	13.32	33.97
1533	21	53	13.32	34.63
1534	21	54	13.32	35.30
1535	21	55	13.32	35.96
1536	21	56	13.32	36.63
1537	21	57	13.32	37.30
1538	21	58	13.32	37.96
1539	21	59	13.32	38.63
1540	21	60	13.32	39.29
1541	21	61	13.32	39.96
1542	21	62	13.32	40.63
1543	21	63	13.32	41.29
1544	21	64	13.32	41.96
1545	21	65	13.32	42.62
1546	21	66	13.32	43.29
1547	21	67	13.32	43.96
1548	21	68	13.32	44.62
1549	21	69	13.32	45.29
1550	21	70	13.32	45.95
1551	21	71	13.32	46.62
1552	21	72	13.32	47.29
1553	21	73	13.32	47.95
1554	21	74	13.32	48.62
1555	22	1	13.99	 0.00
1556	22	2	13.99	 0.67
1557	22	3	13.99	 1.33
1558	22	4	13.99	 2.00
1559	22	5	13.99	 2.66
1560	22	6	13.99	 3.33
1561	22	7	13.99	 4.00
1562	22	8	13.99	 4.66
1563	22	9	13.99	 5.33
1564	22	10	13.99	 5.99
1565	22	11	13.99	 6.66
1566	22	12	13.99	 7.33
1567	22	13	13.99	 7.99
1568	22	14	13.99	 8.66
1569	22	15	13.99	 9.32
1570	22	16	13.99	 9.99
1571	22	17	13.99	10.66
1572	22	18	13.99	11.32
1573	22	19	13.99	11.99
1574	22	20	13.99	12.65
1575	22	21	13.99	13.32
1576	22	22	13.99	13.99
1577	22	23	13.99	14.65
1578	22	24	13.99	15.32
1579	22	25	13.99	15.98
1580	22	26	13.99	16.65
1581	22	27	13.99	17.32
1582	22	28	13.99	17.98
1583	22	29	13.99	18.65
1584	22	30	13.99	19.31
1585	22	31	13.99	19.98
1586	22	32	13.99	20.65
1587	22	33	13.99	21.31
1588	22	34	13.99	21.98
1589	22	35	13.99	22.64
1590	22	36	13.99	23.31
1591	22	37	13.99	23.98
1592	22	38	13.99	24.64
1593	22	39	13.99	25.31
1594	22	40	13.99	25.97
1595	22	41	13.99	26.64
1596	22	42	13.99	27.31
1597	22	43	13.99	27.97
1598	22	44	13.99	28.64
1599	22	45	13.99	29.30
1600	22	46	13.99	29.97
1601	22	47	13.99	30.64
1602	22	48	13.99	31.30
1603	22	49	13.99	31.97
1604	22	50	13.99	32.63
1605	22	51	13.99	33.30
1606	22	52	13.99	33.97
1607	22	53	13.99	34.63
1608	22	54	13.99	35.30
1609	22	55	13.99	35.96
1610	22	56	13.99	36.63
1611	22	57	13.99	37.30
1612	22	58	13.99	37.96
1613	22	59	13.99	38.63
1614	22	60	13.99	39.29
1615	22	61	13.99	39.96
1616	22	62	13.99	40.63
1617	22	63	13.99	41.29
1618	22	64	13.99	41.96
1619	22	65	13.99	42.62
1620	22	66	13.99	43.29
1621	22	67	13.99	43.96
1622	22	68	13.99	44.62
1623	22	69	13.99	45.29
1624	22	70	13.99	45.95
1625	22	71	13.99	46.62
1626	22	72	13.99	47.29
1627	22	73	13.99	47.95
1628	22	74	13.99	48.62
1629	23	1	14.65	 0.00
1630	23	2	14.65	 0.67
1631	23	3	14.65	 1.33
1632	23	4	14.65	 2.00
1633	23	5	14.65	 2.66
1634	23	6	14.65	 3.33
1635	23	7	14.65	 4.00
1636	23	8	14.65	 4.66
1637	23	9	14.65	 5.33
1638	23	10	14.65	 5.99
1639	23	11	14.65	 6.66
1640	23	12	14.65	 7.33
1641	23	13	14.65	 7.99
1642	23	14	14.65	 8.66
1643	23	15	14.65	 9.32
1644	23	16	14.65	 9.99
1645	23	17	14.65	10.66
1646	23	18	14.65	11.32
1647	23	19	14.65	11.99
1648	23	20	14.65	12.65
1649	23	21	14.65	13.32
1650	23	22	14.65	13.99
1651	23	23	14.65	14.65
1652	23	24	14.65	15.32
1653	23	25	14.65	15.98
1654	23	26	14.65	16.65
1655	23	27	14.65	17.32
1656	23	28	14.65	17.98
1657	23	29	14.65	18.65
1658	23	30	14.65	19.31
1659	23	31	14.65	19.98
1660	23	32	14.65	20.65
1661	23	33	14.65	21.31
1662	23	34	14.65	21.98
1663	23	35	14.65	22.64
1664	23	36	14.65	23.31
1665	23	37	14.65	23.98
1666	23	38	14.65	24.64
1667	23	39	14.65	25.31
1668	23	40	14.65	25.97
1669	23	41	14.65	26.64
1670	23	42	14.65	27.31
1671	23	43	14.65	27.97
1672	23	44	14.65	28.64
1673	23	45	14.65	29.30
1674	23	46	14.65	29.97
1675	23	47	14.65	30.64
1676	23	48	14.65	31.30
1677	23	49	14.65	31.97
1678	23	50	14.65	32.63
1679	23	51	14.65	33.30
1680	23	52	14.65	33.97
1681	23	53	14.65	34.63
1682	23	54	14.65	35.30
1683	23	55	14.65	35.96
1684	23	56	14.65	36.63
1685	23	57	14.65	37.30
1686	23	58	14.65	37.96
1687	23	59	14.65	38.63
1688	23	60	14.65	39.29
1689	23	61	14.65	39.96
1690	23	62	14.65	40.63
1691	23	63	14.65	41.29
1692	23	64	14.65	41.96
1693	23	65	14.65	42.62
1694	23	66	14.65	43.29
1695	23	67	14.65	43.96
1696	23	68	14.65	44.62
1697	23	69	14.65	45.29
1698	23	70	14.65	45.95
1699	23	71	14.65	46.62
1700	23	72	14.65	47.29
1701	23	73	14.65	47.95
1702	23	74	14.65	48.62
1703	24	1	15.32	 0.00
1704	24	2	15.32	 0.67
1705	24	3	15.32	 1.33
1706	24	4	15.32	 2.00
1707	24	5	15.32	 2.66
1708	24	6	15.32	 3.33
1709	24	7	15.32	 4.00
1710	24	8	15.32	 4.66
1711	24	9	15.32	 5.33
1712	24	10	15.32	 5.99
1713	24	11	15.32	 6.66
1714	24	12	15.32	 7.33
1715	24	13	15.32	 7.99
1716	24	14	15.32	 8.66
1717	24	15	15.32	 9.32
1718	24	16	15.32	 9.99
1719	24	17	15.32	10.66
1720	24	18	15.32	11.32
1721	24	19	15.32	11.99
1722	24	20	15.32	12.65
1723	24	21	15.32	13.32
1724	24	22	15.32	13.99
1725	24	23	15.32	14.65
1726	24	24	15.32	15.32
1727	24	25	15.32	15.98
1728	24	26	15.32	16.65
1729	24	27	15.32	17.32
1730	24	28	15.32	17.98
1731	24	29	15.32	18.65
1732	24	30	15.32	19.31
1733	24	31	15.32	19.98
1734	24	32	15.32	20.65
1735	24	33	15.32	21.31
1736	24	34	15.32	21.98
1737	24	35	15.32	22.64
1738	24	36	15.32	23.31
1739	24	37	15.32	23.98
1740	24	38	15.32	24.64
1741	24	39	15.32	25.31
1742	24	40	15.32	25.97
1743	24	41	15.32	26.64
1744	24	42	15.32	27.31
1745	24	43	15.32	27.97
1746	24	44	15.32	28.64
1747	24	45	15.32	29.30
1748	24	46	15.32	29.97
1749	24	47	15.32	30.64
1750	24	48	15.32	31.30
1751	24	49	15.32	31.97
1752	24	50	15.32	32.63
1753	24	51	15.32	33.30
1754	24	52	15.32	33.97
1755	24	53	15.32	34.63
1756	24	54	15.32	35.30
1757	24	55	15.32	35.96
1758	24	56	15.32	36.63
1759	24	57	15.32	37.30
1760	24	58	15.32	37.96
1761	24	59	15.32	38.63
1762	24	60	15.32	39.29
1763	24	61	15.32	39.96
1764	24	62	15.32	40.63
1765	24	63	15.32	41.29
1766	24	64	15.32	41.96
1767	24	65	15.32	42.62
1768	24	66	15.32	43.29
1769	24	67	15.32	43.96
1770	24	68	15.32	44.62
1771	24	69	15.32	45.29
1772	24	70	15.32	45.95
1773	24	71	15.32	46.62
1774	24	72	15.32	47.29
1775	24	73	15.32	47.95
1776	24	74	15.32	48.62
1777	25	1	15.98	 0.00
1778	25	2	15.98	 0.67
1779	25	3	15.98	 1.33
1780	25	4	15.98	 2.00
1781	25	5	15.98	 2.66
1782	25	6	15.98	 3.33
1783	25	7	15.98	 4.00
1784	25	8	15.98	 4.66
1785	25	9	15.98	 5.33
1786	25	10	15.98	 5.99
1787	25	11	15.98	 6.66
1788	25	12	15.98	 7.33
1789	25	13	15.98	 7.99
1790	25	14	15.98	 8.66
1791	25	15	15.98	 9.32
1792	25	16	15.98	 9.99
1793	25	17	15.98	10.66
1794	25	18	15.98	11.32
1795	25	19	15.98	11.99
1796	25	20	15.98	12.65
1797	25	21	15.98	13.32
1798	25	22	15.98	13.99
1799	25	23	15.98	14.65
1800	25	24	15.98	15.32
1801	25	25	15.98	15.98
1802	25	26	15.98	16.65
1803	25	27	15.98	17.32
1804	25	28	15.98	17.98
1805	25	29	15.98	18.65
1806	25	30	15.98	19.31
1807	25	31	15.98	19.98
1808	25	32	15.98	20.65
1809	25	33	15.98	21.31
1810	25	34	15.98	21.98
1811	25	35	15.98	22.64
1812	25	36	15.98	23.31
1813	25	37	15.98	23.98
1814	25	38	15.98	24.64
1815	25	39	15.98	25.31
1816	25	40	15.98	25.97
1817	25	41	15.98	26.64
1818	25	42	15.98	27.31
1819	25	43	15.98	27.97
1820	25	44	15.98	28.64
1821	25	45	15.98	29.30
1822	25	46	15.98	29.97
1823	25	47	15.98	30.64
1824	25	48	15.98	31.30
1825	25	49	15.98	31.97
1826	25	50	15.98	32.63
1827	25	51	15.98	33.30
1828	25	52	15.98	33.97
1829	25	53	15.98	34.63
1830	25	54	15.98	35.30
1831	25	55	15.98	35.96
1832	25	56	15.98	36.63
1833	25	57	15.98	37.30
1834	25	58	15.98	37.96
1835	25	59	15.98	38.63
1836	25	60	15.98	39.29
1837	25	61	15.98	39.96
1838	25	62	15.98	40.63
1839	25	63	15.98	41.29
1840	25	64	15.98	41.96
1841	25	65	15.98	42.62
1842	25	66	15.98	43.29
1843	25	67	15.98	43.96
1844	25	68	15.98	44.62
1845	25	69	15.98	45.29
1846	25	70	15.98	45.95
1847	25	71	15.98	46.62
1848	25	72	15.98	47.29
1849	25	73	15.98	47.95
1850	25	74	15.98	48.62
1851	26	1	16.65	 0.00
1852	26	2	16.65	 0.67
1853	26	3	16.65	 1.33
1854	26	4	16.65	 2.00
1855	26	5	16.65	 2.66
1856	26	6	16.65	 3.33
1857	26	7	16.65	 4.00
1858	26	8	16.65	 4.66
1859	26	9	16.65	 5.33
1860	26	10	16.65	 5.99
1861	26	11	16.65	 6.66
1862	26	12	16.65	 7.33
1863	26	13	16.65	 7.99
1864	26	14	16.65	 8.66
1865	26	15	16.65	 9.32
1866	26	16	16.65	 9.99
1867	26	17	16.65	10.66
1868	26	18	16.65	11.32
1869	26	19	16.65	11.99
1870	26	20	16.65	12.65
1871	26	21	16.65	13.32
1872	26	22	16.65	13.99
1873	26	23	16.65	14.65
1874	26	24	16.65	15.32
1875	26	25	16.65	15.98
1876	26	26	16.65	16.65
1877	26	27	16.65	17.32
1878	26	28	16.65	17.98
1879	26	29	16.65	18.65
1880	26	30	16.65	19.31
1881	26	31	16.65	19.98
1882	26	32	16.65	20.65
1883	26	33	16.65	21.31
1884	26	34	16.65	21.98
1885	26	35	16.65	22.64
1886	26	36	16.65	23.31
1887	26	37	16.65	23.98
1888	26	38	16.65	24.64
1889	26	39	16.65	25.31
1890	26	40	16.65	25.97
1891	26	41	16.65	26.64
1892	26	42	16.65	27.31
1893	26	43	16.65	27.97
1894	26	44	16.65	28.64
1895	26	45	16.65	29.30
1896	26	46	16.65	29.97
1897	26	47	16.65	30.64
1898	26	48	16.65	31.30
1899	26	49	16.65	31.97
1900	26	50	16.65	32.63
1901	26	51	16.65	33.30
1902	26	52	16.65	33.97
1903	26	53	16.65	34.63
1904	26	54	16.65	35.30
1905	26	55	16.65	35.96
1906	26	56	16.65	36.63
1907	26	57	16.65	37.30
1908	26	58	16.65	37.96
1909	26	59	16.65	38.63
1910	26	60	16.65	39.29
1911	26	61	16.65	39.96
1912	26	62	16.65	40.63
1913	26	63	16.65	41.29
1914	26	64	16.65	41.96
1915	26	65	16.65	42.62
1916	26	66	16.65	43.29
1917	26	67	16.65	43.96
1918	26	68	16.65	44.62
1919	26	69	16.65	45.29
1920	26	70	16.65	45.95
1921	26	71	16.65	46.62
1922	26	72	16.65	47.29
1923	26	73	16.65	47.95
1924	26	74	16.65	48.62
1925	27	1	17.32	 0.00
1926	27	2	17.32	 0.67
1927	27	3	17.32	 1.33
1928	27	4	17.32	 2.00
1929	27	5	17.32	 2.66
1930	27	6	17.32	 3.33
1931	27	7	17.32	 4.00
1932	27	8	17.32	 4.66
1933	27	9	17.32	 5.33
1934	27	10	17.32	 5.99
1935	27	11	17.32	 6.66
1936	27	12	17.32	 7.33
1937	27	13	17.32	 7.99
1938	27	14	17.32	 8.66
1939	27	15	17.32	 9.32
1940	27	16	17.32	 9.99
1941	27	17	17.32	10.66
1942	27	18	17.32	11.32
1943	27	19	17.32	11.99
1944	27	20	17.32	12.65
1945	27	21	17.32	13.32
1946	27	22	17.32	13.99
1947	27	23	17.32	14.65
1948	27	24	17.32	15.32
1949	27	25	17.32	15.98
1950	27	26	17.32	16.65
1951	27	27	17.32	17.32
1952	27	28	17.32	17.98
1953	27	29	17.32	18.65
1954	27	30	17.32	19.31
1955	27	31	17.32	19.98
1956	27	32	17.32	20.65
1957	27	33	17.32	21.31
1958	27	34	17.32	21.98
1959	27	35	17.32	22.64
1960	27	36	17.32	23.31
1961	27	37	17.32	23.98
1962	27	38	17.32	24.64
1963	27	39	17.32	25.31
1964	27	40	17.32	25.97
1965	27	41	17.32	26.64
1966	27	42	17.32	27.31
1967	27	43	17.32	27.97
1968	27	44	17.32	28.64
1969	27	45	17.32	29.30
1970	27	46	17.32	29.97
1971	27	47	17.32	30.64
1972	27	48	17.32	31.30
1973	27	49	17.32	31.97
1974	27	50	17.32	32.63
1975	27	51	17.32	33.30
1976	27	52	17.32	33.97
1977	27	53	17.32	34.63
1978	27	54	17.32	35.30
1979	27	55	17.32	35.96
1980	27	56	17.32	36.63
1981	27	57	17.32	37.30
1982	27	58	17.32	37.96
1983	27	59	17.32	38.63
1984	27	60	17.32	39.29
1985	27	61	17.32	39.96
1986	27	62	17.32	40.63
1987	27	63	17.32	41.29
1988	27	64	17.32	41.96
1989	27	65	17.32	42.62
1990	27	66	17.32	43.29
1991	27	67	17.32	43.96
1992	27	68	17.32	44.62
1993	27	69	17.32	45.29
1994	27	70	17.32	45.95
1995	27	71	17.32	46.62
1996	27	72	17.32	47.29
1997	27	73	17.32	47.95
1998	27	74	17.32	48.62
1999	28	1	17.98	 0.00
2000	28	2	17.98	 0.67
2001	28	3	17.98	 1.33
2002	28	4	17.98	 2.00
2003	28	5	17.98	 2.66
2004	28	6	17.98	 3.33
2005	28	7	17.98	 4.00
2006	28	8	17.98	 4.66
2007	28	9	17.98	 5.33
2008	28	10	17.98	 5.99
2009	28	11	17.98	 6.66
2010	28	12	17.98	 7.33
2011	28	13	17.98	 7.99
2012	28	14	17.98	 8.66
2013	28	15	17.98	 9.32
2014	28	16	17.98	 9.99
2015	28	17	17.98	10.66
2016	28	18	17.98	11.32
2017	28	19	17.98	11.99
2018	28	20	17.98	12.65
2019	28	21	17.98	13.32
2020	28	22	17.98	13.99
2021	28	23	17.98	14.65
2022	28	24	17.98	15.32
2023	28	25	17.98	15.98
2024	28	26	17.98	16.65
2025	28	27	17.98	17.32
2026	28	28	17.98	17.98
2027	28	29	17.98	18.65
2028	28	30	17.98	19.31
2029	28	31	17.98	19.98
2030	28	32	17.98	20.65
2031	28	33	17.98	21.31
2032	28	34	17.98	21.98
2033	28	35	17.98	22.64
2034	28	36	17.98	23.31
2035	28	37	17.98	23.98
2036	28	38	17.98	24.64
2037	28	39	17.98	25.31
2038	28	40	17.98	25.97
2039	28	41	17.98	26.64
2040	28	42	17.98	27.31
2041	28	43	17.98	27.97
2042	28	44	17.98	28.64
2043	28	45	17.98	29.30
2044	28	46	17.98	29.97
2045	28	47	17.98	30.64
2046	28	48	17.98	31.30
2047	28	49	17.98	31.97
2048	28	50	17.98	32.63
2049	28	51	17.98	33.30
2050	28	52	17.98	33.97
2051	28	53	17.98	34.63
2052	28	54	17.98	35.30
2053	28	55	17.98	35.96
2054	28	56	17.98	36.63
2055	28	57	17.98	37.30
2056	28	58	17.98	37.96
2057	28	59	17.98	38.63
2058	28	60	17.98	39.29
2059	28	61	17.98	39.96
2060	28	62	17.98	40.63
2061	28	63	17.98	41.29
2062	28	64	17.98	41.96
2063	28	65	17.98	42.62
2064	28	66	17.98	43.29
2065	28	67	17.98	43.96
2066	28	68	17.98	44.62
2067	28	69	17.98	45.29
2068	28	70	17.98	45.95
2069	28	71	17.98	46.62
2070	28	72	17.98	47.29
2071	28	73	17.98	47.95
2072	28	74	17.98	48.62
