1	1	1	0.00	0.00
2	1	2	0.00	1.33
3	1	3	0.00	2.66
4	1	4	0.00	3.99
5	1	5	0.00	5.32
6	1	6	0.00	6.65
7	1	7	0.00	7.98
8	1	8	0.00	9.31
9	1	9	0.00	10.64
10	1	10	0.00	11.97
11	1	11	0.00	13.30
12	1	12	0.00	14.63
13	1	13	0.00	15.96
14	1	14	0.00	17.29
15	1	15	0.00	18.62
16	1	16	0.00	19.95
17	1	17	0.00	21.28
18	1	18	0.00	22.61
19	1	19	0.00	23.94
20	1	20	0.00	25.27
21	1	21	0.00	26.60
22	1	22	0.00	27.93
23	1	23	0.00	29.26
24	1	24	0.00	30.59
25	1	25	0.00	31.92
26	1	26	0.00	33.25
27	1	27	0.00	34.58
28	1	28	0.00	35.91
29	1	29	0.00	37.24
30	1	30	0.00	38.57
31	1	31	0.00	39.90
32	1	32	0.00	41.23
33	1	33	0.00	42.56
34	1	34	0.00	43.89
35	1	35	0.00	45.22
36	1	36	0.00	46.55
37	2	1	1.33	0.00
38	2	2	1.33	1.33
39	2	3	1.33	2.66
40	2	4	1.33	3.99
41	2	5	1.33	5.32
42	2	6	1.33	6.65
43	2	7	1.33	7.98
44	2	8	1.33	9.31
45	2	9	1.33	10.64
46	2	10	1.33	11.97
47	2	11	1.33	13.30
48	2	12	1.33	14.63
49	2	13	1.33	15.96
50	2	14	1.33	17.29
51	2	15	1.33	18.62
52	2	16	1.33	19.95
53	2	17	1.33	21.28
54	2	18	1.33	22.61
55	2	19	1.33	23.94
56	2	20	1.33	25.27
57	2	21	1.33	26.60
58	2	22	1.33	27.93
59	2	23	1.33	29.26
60	2	24	1.33	30.59
61	2	25	1.33	31.92
62	2	26	1.33	33.25
63	2	27	1.33	34.58
64	2	28	1.33	35.91
65	2	29	1.33	37.24
66	2	30	1.33	38.57
67	2	31	1.33	39.90
68	2	32	1.33	41.23
69	2	33	1.33	42.56
70	2	34	1.33	43.89
71	2	35	1.33	45.22
72	2	36	1.33	46.55
73	3	1	2.66	0.00
74	3	2	2.66	1.33
75	3	3	2.66	2.66
76	3	4	2.66	3.99
77	3	5	2.66	5.32
78	3	6	2.66	6.65
79	3	7	2.66	7.98
80	3	8	2.66	9.31
81	3	9	2.66	10.64
82	3	10	2.66	11.97
83	3	11	2.66	13.30
84	3	12	2.66	14.63
85	3	13	2.66	15.96
86	3	14	2.66	17.29
87	3	15	2.66	18.62
88	3	16	2.66	19.95
89	3	17	2.66	21.28
90	3	18	2.66	22.61
91	3	19	2.66	23.94
92	3	20	2.66	25.27
93	3	21	2.66	26.60
94	3	22	2.66	27.93
95	3	23	2.66	29.26
96	3	24	2.66	30.59
97	3	25	2.66	31.92
98	3	26	2.66	33.25
99	3	27	2.66	34.58
100	3	28	2.66	35.91
101	3	29	2.66	37.24
102	3	30	2.66	38.57
103	3	31	2.66	39.90
104	3	32	2.66	41.23
105	3	33	2.66	42.56
106	3	34	2.66	43.89
107	3	35	2.66	45.22
108	3	36	2.66	46.55
109	4	1	3.99	0.00
110	4	2	3.99	1.33
111	4	3	3.99	2.66
112	4	4	3.99	3.99
113	4	5	3.99	5.32
114	4	6	3.99	6.65
115	4	7	3.99	7.98
116	4	8	3.99	9.31
117	4	9	3.99	10.64
118	4	10	3.99	11.97
119	4	11	3.99	13.30
120	4	12	3.99	14.63
121	4	13	3.99	15.96
122	4	14	3.99	17.29
123	4	15	3.99	18.62
124	4	16	3.99	19.95
125	4	17	3.99	21.28
126	4	18	3.99	22.61
127	4	19	3.99	23.94
128	4	20	3.99	25.27
129	4	21	3.99	26.60
130	4	22	3.99	27.93
131	4	23	3.99	29.26
132	4	24	3.99	30.59
133	4	25	3.99	31.92
134	4	26	3.99	33.25
135	4	27	3.99	34.58
136	4	28	3.99	35.91
137	4	29	3.99	37.24
138	4	30	3.99	38.57
139	4	31	3.99	39.90
140	4	32	3.99	41.23
141	4	33	3.99	42.56
142	4	34	3.99	43.89
143	4	35	3.99	45.22
144	4	36	3.99	46.55
145	5	1	5.32	0.00
146	5	2	5.32	1.33
147	5	3	5.32	2.66
148	5	4	5.32	3.99
149	5	5	5.32	5.32
150	5	6	5.32	6.65
151	5	7	5.32	7.98
152	5	8	5.32	9.31
153	5	9	5.32	10.64
154	5	10	5.32	11.97
155	5	11	5.32	13.30
156	5	12	5.32	14.63
157	5	13	5.32	15.96
158	5	14	5.32	17.29
159	5	15	5.32	18.62
160	5	16	5.32	19.95
161	5	17	5.32	21.28
162	5	18	5.32	22.61
163	5	19	5.32	23.94
164	5	20	5.32	25.27
165	5	21	5.32	26.60
166	5	22	5.32	27.93
167	5	23	5.32	29.26
168	5	24	5.32	30.59
169	5	25	5.32	31.92
170	5	26	5.32	33.25
171	5	27	5.32	34.58
172	5	28	5.32	35.91
173	5	29	5.32	37.24
174	5	30	5.32	38.57
175	5	31	5.32	39.90
176	5	32	5.32	41.23
177	5	33	5.32	42.56
178	5	34	5.32	43.89
179	5	35	5.32	45.22
180	5	36	5.32	46.55
181	6	1	6.65	0.00
182	6	2	6.65	1.33
183	6	3	6.65	2.66
184	6	4	6.65	3.99
185	6	5	6.65	5.32
186	6	6	6.65	6.65
187	6	7	6.65	7.98
188	6	8	6.65	9.31
189	6	9	6.65	10.64
190	6	10	6.65	11.97
191	6	11	6.65	13.30
192	6	12	6.65	14.63
193	6	13	6.65	15.96
194	6	14	6.65	17.29
195	6	15	6.65	18.62
196	6	16	6.65	19.95
197	6	17	6.65	21.28
198	6	18	6.65	22.61
199	6	19	6.65	23.94
200	6	20	6.65	25.27
201	6	21	6.65	26.60
202	6	22	6.65	27.93
203	6	23	6.65	29.26
204	6	24	6.65	30.59
205	6	25	6.65	31.92
206	6	26	6.65	33.25
207	6	27	6.65	34.58
208	6	28	6.65	35.91
209	6	29	6.65	37.24
210	6	30	6.65	38.57
211	6	31	6.65	39.90
212	6	32	6.65	41.23
213	6	33	6.65	42.56
214	6	34	6.65	43.89
215	6	35	6.65	45.22
216	6	36	6.65	46.55
217	7	1	7.98	0.00
218	7	2	7.98	1.33
219	7	3	7.98	2.66
220	7	4	7.98	3.99
221	7	5	7.98	5.32
222	7	6	7.98	6.65
223	7	7	7.98	7.98
224	7	8	7.98	9.31
225	7	9	7.98	10.64
226	7	10	7.98	11.97
227	7	11	7.98	13.30
228	7	12	7.98	14.63
229	7	13	7.98	15.96
230	7	14	7.98	17.29
231	7	15	7.98	18.62
232	7	16	7.98	19.95
233	7	17	7.98	21.28
234	7	18	7.98	22.61
235	7	19	7.98	23.94
236	7	20	7.98	25.27
237	7	21	7.98	26.60
238	7	22	7.98	27.93
239	7	23	7.98	29.26
240	7	24	7.98	30.59
241	7	25	7.98	31.92
242	7	26	7.98	33.25
243	7	27	7.98	34.58
244	7	28	7.98	35.91
245	7	29	7.98	37.24
246	7	30	7.98	38.57
247	7	31	7.98	39.90
248	7	32	7.98	41.23
249	7	33	7.98	42.56
250	7	34	7.98	43.89
251	7	35	7.98	45.22
252	7	36	7.98	46.55
253	8	1	9.31	0.00
254	8	2	9.31	1.33
255	8	3	9.31	2.66
256	8	4	9.31	3.99
257	8	5	9.31	5.32
258	8	6	9.31	6.65
259	8	7	9.31	7.98
260	8	8	9.31	9.31
261	8	9	9.31	10.64
262	8	10	9.31	11.97
263	8	11	9.31	13.30
264	8	12	9.31	14.63
265	8	13	9.31	15.96
266	8	14	9.31	17.29
267	8	15	9.31	18.62
268	8	16	9.31	19.95
269	8	17	9.31	21.28
270	8	18	9.31	22.61
271	8	19	9.31	23.94
272	8	20	9.31	25.27
273	8	21	9.31	26.60
274	8	22	9.31	27.93
275	8	23	9.31	29.26
276	8	24	9.31	30.59
277	8	25	9.31	31.92
278	8	26	9.31	33.25
279	8	27	9.31	34.58
280	8	28	9.31	35.91
281	8	29	9.31	37.24
282	8	30	9.31	38.57
283	8	31	9.31	39.90
284	8	32	9.31	41.23
285	8	33	9.31	42.56
286	8	34	9.31	43.89
287	8	35	9.31	45.22
288	8	36	9.31	46.55
289	9	1	10.64	0.00
290	9	2	10.64	1.33
291	9	3	10.64	2.66
292	9	4	10.64	3.99
293	9	5	10.64	5.32
294	9	6	10.64	6.65
295	9	7	10.64	7.98
296	9	8	10.64	9.31
297	9	9	10.64	10.64
298	9	10	10.64	11.97
299	9	11	10.64	13.30
300	9	12	10.64	14.63
301	9	13	10.64	15.96
302	9	14	10.64	17.29
303	9	15	10.64	18.62
304	9	16	10.64	19.95
305	9	17	10.64	21.28
306	9	18	10.64	22.61
307	9	19	10.64	23.94
308	9	20	10.64	25.27
309	9	21	10.64	26.60
310	9	22	10.64	27.93
311	9	23	10.64	29.26
312	9	24	10.64	30.59
313	9	25	10.64	31.92
314	9	26	10.64	33.25
315	9	27	10.64	34.58
316	9	28	10.64	35.91
317	9	29	10.64	37.24
318	9	30	10.64	38.57
319	9	31	10.64	39.90
320	9	32	10.64	41.23
321	9	33	10.64	42.56
322	9	34	10.64	43.89
323	9	35	10.64	45.22
324	9	36	10.64	46.55
325	10	1	11.97	0.00
326	10	2	11.97	1.33
327	10	3	11.97	2.66
328	10	4	11.97	3.99
329	10	5	11.97	5.32
330	10	6	11.97	6.65
331	10	7	11.97	7.98
332	10	8	11.97	9.31
333	10	9	11.97	10.64
334	10	10	11.97	11.97
335	10	11	11.97	13.30
336	10	12	11.97	14.63
337	10	13	11.97	15.96
338	10	14	11.97	17.29
339	10	15	11.97	18.62
340	10	16	11.97	19.95
341	10	17	11.97	21.28
342	10	18	11.97	22.61
343	10	19	11.97	23.94
344	10	20	11.97	25.27
345	10	21	11.97	26.60
346	10	22	11.97	27.93
347	10	23	11.97	29.26
348	10	24	11.97	30.59
349	10	25	11.97	31.92
350	10	26	11.97	33.25
351	10	27	11.97	34.58
352	10	28	11.97	35.91
353	10	29	11.97	37.24
354	10	30	11.97	38.57
355	10	31	11.97	39.90
356	10	32	11.97	41.23
357	10	33	11.97	42.56
358	10	34	11.97	43.89
359	10	35	11.97	45.22
360	10	36	11.97	46.55
361	11	1	13.30	0.00
362	11	2	13.30	1.33
363	11	3	13.30	2.66
364	11	4	13.30	3.99
365	11	5	13.30	5.32
366	11	6	13.30	6.65
367	11	7	13.30	7.98
368	11	8	13.30	9.31
369	11	9	13.30	10.64
370	11	10	13.30	11.97
371	11	11	13.30	13.30
372	11	12	13.30	14.63
373	11	13	13.30	15.96
374	11	14	13.30	17.29
375	11	15	13.30	18.62
376	11	16	13.30	19.95
377	11	17	13.30	21.28
378	11	18	13.30	22.61
379	11	19	13.30	23.94
380	11	20	13.30	25.27
381	11	21	13.30	26.60
382	11	22	13.30	27.93
383	11	23	13.30	29.26
384	11	24	13.30	30.59
385	11	25	13.30	31.92
386	11	26	13.30	33.25
387	11	27	13.30	34.58
388	11	28	13.30	35.91
389	11	29	13.30	37.24
390	11	30	13.30	38.57
391	11	31	13.30	39.90
392	11	32	13.30	41.23
393	11	33	13.30	42.56
394	11	34	13.30	43.89
395	11	35	13.30	45.22
396	11	36	13.30	46.55
397	12	1	14.63	0.00
398	12	2	14.63	1.33
399	12	3	14.63	2.66
400	12	4	14.63	3.99
401	12	5	14.63	5.32
402	12	6	14.63	6.65
403	12	7	14.63	7.98
404	12	8	14.63	9.31
405	12	9	14.63	10.64
406	12	10	14.63	11.97
407	12	11	14.63	13.30
408	12	12	14.63	14.63
409	12	13	14.63	15.96
410	12	14	14.63	17.29
411	12	15	14.63	18.62
412	12	16	14.63	19.95
413	12	17	14.63	21.28
414	12	18	14.63	22.61
415	12	19	14.63	23.94
416	12	20	14.63	25.27
417	12	21	14.63	26.60
418	12	22	14.63	27.93
419	12	23	14.63	29.26
420	12	24	14.63	30.59
421	12	25	14.63	31.92
422	12	26	14.63	33.25
423	12	27	14.63	34.58
424	12	28	14.63	35.91
425	12	29	14.63	37.24
426	12	30	14.63	38.57
427	12	31	14.63	39.90
428	12	32	14.63	41.23
429	12	33	14.63	42.56
430	12	34	14.63	43.89
431	12	35	14.63	45.22
432	12	36	14.63	46.55
433	13	1	15.96	0.00
434	13	2	15.96	1.33
435	13	3	15.96	2.66
436	13	4	15.96	3.99
437	13	5	15.96	5.32
438	13	6	15.96	6.65
439	13	7	15.96	7.98
440	13	8	15.96	9.31
441	13	9	15.96	10.64
442	13	10	15.96	11.97
443	13	11	15.96	13.30
444	13	12	15.96	14.63
445	13	13	15.96	15.96
446	13	14	15.96	17.29
447	13	15	15.96	18.62
448	13	16	15.96	19.95
449	13	17	15.96	21.28
450	13	18	15.96	22.61
451	13	19	15.96	23.94
452	13	20	15.96	25.27
453	13	21	15.96	26.60
454	13	22	15.96	27.93
455	13	23	15.96	29.26
456	13	24	15.96	30.59
457	13	25	15.96	31.92
458	13	26	15.96	33.25
459	13	27	15.96	34.58
460	13	28	15.96	35.91
461	13	29	15.96	37.24
462	13	30	15.96	38.57
463	13	31	15.96	39.90
464	13	32	15.96	41.23
465	13	33	15.96	42.56
466	13	34	15.96	43.89
467	13	35	15.96	45.22
468	13	36	15.96	46.55
