##X¡¢Y unit mm				
Param	XOffset=3	  YOffset=3.5	XSpan=1.33	YSpan=1.33
##TID(%03d)	I(%02d)	J(%02d)	X(%5.2f)	Y(%5.2f)
1	1	1	0	0
2	1	2	0	1.33
3	1	3	0	2.66
4	1	4	0	3.99
5	1	5	0	5.32
6	1	6	0	6.65
7	1	7	0	7.98
8	1	8	0	9.31
9	1	9	0	10.64
10	1	10	0	11.97
11	1	11	0	13.3
12	1	12	0	14.63
13	1	13	0	15.96
14	1	14	0	17.29
15	1	15	0	18.62
16	1	16	0	19.95
17	1	17	0	21.28
18	1	18	0	22.61
19	1	19	0	23.94
20	1	20	0	25.27
21	1	21	0	26.6
22	1	22	0	27.93
23	1	23	0	29.26
24	1	24	0	30.59
25	1	25	0	31.92
26	1	26	0	33.25
27	1	27	0	34.58
28	1	28	0	35.91
29	1	29	0	37.24
30	1	30	0	38.57
31	1	31	0	39.9
32	1	32	0	41.23
33	1	33	0	42.56
34	1	34	0	43.89
35	1	35	0	45.22
36	1	36	0	46.55
37	1	37	0	47.88
38	2	1	1.33	0
39	2	2	1.33	1.33
40	2	3	1.33	2.66
41	2	4	1.33	3.99
42	2	5	1.33	5.32
43	2	6	1.33	6.65
44	2	7	1.33	7.98
45	2	8	1.33	9.31
46	2	9	1.33	10.64
47	2	10	1.33	11.97
48	2	11	1.33	13.3
49	2	12	1.33	14.63
50	2	13	1.33	15.96
51	2	14	1.33	17.29
52	2	15	1.33	18.62
53	2	16	1.33	19.95
54	2	17	1.33	21.28
55	2	18	1.33	22.61
56	2	19	1.33	23.94
57	2	20	1.33	25.27
58	2	21	1.33	26.6
59	2	22	1.33	27.93
60	2	23	1.33	29.26
61	2	24	1.33	30.59
62	2	25	1.33	31.92
63	2	26	1.33	33.25
64	2	27	1.33	34.58
65	2	28	1.33	35.91
66	2	29	1.33	37.24
67	2	30	1.33	38.57
68	2	31	1.33	39.9
69	2	32	1.33	41.23
70	2	33	1.33	42.56
71	2	34	1.33	43.89
72	2	35	1.33	45.22
73	2	36	1.33	46.55
74	2	37	1.33	47.88
75	3	1	2.66	0
76	3	2	2.66	1.33
77	3	3	2.66	2.66
78	3	4	2.66	3.99
79	3	5	2.66	5.32
80	3	6	2.66	6.65
81	3	7	2.66	7.98
82	3	8	2.66	9.31
83	3	9	2.66	10.64
84	3	10	2.66	11.97
85	3	11	2.66	13.3
86	3	12	2.66	14.63
87	3	13	2.66	15.96
88	3	14	2.66	17.29
89	3	15	2.66	18.62
90	3	16	2.66	19.95
91	3	17	2.66	21.28
92	3	18	2.66	22.61
93	3	19	2.66	23.94
94	3	20	2.66	25.27
95	3	21	2.66	26.6
96	3	22	2.66	27.93
97	3	23	2.66	29.26
98	3	24	2.66	30.59
99	3	25	2.66	31.92
100	3	26	2.66	33.25
101	3	27	2.66	34.58
102	3	28	2.66	35.91
103	3	29	2.66	37.24
104	3	30	2.66	38.57
105	3	31	2.66	39.9
106	3	32	2.66	41.23
107	3	33	2.66	42.56
108	3	34	2.66	43.89
109	3	35	2.66	45.22
110	3	36	2.66	46.55
111	3	37	2.66	47.88
112	4	1	3.99	0
113	4	2	3.99	1.33
114	4	3	3.99	2.66
115	4	4	3.99	3.99
116	4	5	3.99	5.32
117	4	6	3.99	6.65
118	4	7	3.99	7.98
119	4	8	3.99	9.31
120	4	9	3.99	10.64
121	4	10	3.99	11.97
122	4	11	3.99	13.3
123	4	12	3.99	14.63
124	4	13	3.99	15.96
125	4	14	3.99	17.29
126	4	15	3.99	18.62
127	4	16	3.99	19.95
128	4	17	3.99	21.28
129	4	18	3.99	22.61
130	4	19	3.99	23.94
131	4	20	3.99	25.27
132	4	21	3.99	26.6
133	4	22	3.99	27.93
134	4	23	3.99	29.26
135	4	24	3.99	30.59
136	4	25	3.99	31.92
137	4	26	3.99	33.25
138	4	27	3.99	34.58
139	4	28	3.99	35.91
140	4	29	3.99	37.24
141	4	30	3.99	38.57
142	4	31	3.99	39.9
143	4	32	3.99	41.23
144	4	33	3.99	42.56
145	4	34	3.99	43.89
146	4	35	3.99	45.22
147	4	36	3.99	46.55
148	4	37	3.99	47.88
149	5	1	5.32	0
150	5	2	5.32	1.33
151	5	3	5.32	2.66
152	5	4	5.32	3.99
153	5	5	5.32	5.32
154	5	6	5.32	6.65
155	5	7	5.32	7.98
156	5	8	5.32	9.31
157	5	9	5.32	10.64
158	5	10	5.32	11.97
159	5	11	5.32	13.3
160	5	12	5.32	14.63
161	5	13	5.32	15.96
162	5	14	5.32	17.29
163	5	15	5.32	18.62
164	5	16	5.32	19.95
165	5	17	5.32	21.28
166	5	18	5.32	22.61
167	5	19	5.32	23.94
168	5	20	5.32	25.27
169	5	21	5.32	26.6
170	5	22	5.32	27.93
171	5	23	5.32	29.26
172	5	24	5.32	30.59
173	5	25	5.32	31.92
174	5	26	5.32	33.25
175	5	27	5.32	34.58
176	5	28	5.32	35.91
177	5	29	5.32	37.24
178	5	30	5.32	38.57
179	5	31	5.32	39.9
180	5	32	5.32	41.23
181	5	33	5.32	42.56
182	5	34	5.32	43.89
183	5	35	5.32	45.22
184	5	36	5.32	46.55
185	5	37	5.32	47.88
186	6	1	6.65	0
187	6	2	6.65	1.33
188	6	3	6.65	2.66
189	6	4	6.65	3.99
190	6	5	6.65	5.32
191	6	6	6.65	6.65
192	6	7	6.65	7.98
193	6	8	6.65	9.31
194	6	9	6.65	10.64
195	6	10	6.65	11.97
196	6	11	6.65	13.3
197	6	12	6.65	14.63
198	6	13	6.65	15.96
199	6	14	6.65	17.29
200	6	15	6.65	18.62
201	6	16	6.65	19.95
202	6	17	6.65	21.28
203	6	18	6.65	22.61
204	6	19	6.65	23.94
205	6	20	6.65	25.27
206	6	21	6.65	26.6
207	6	22	6.65	27.93
208	6	23	6.65	29.26
209	6	24	6.65	30.59
210	6	25	6.65	31.92
211	6	26	6.65	33.25
212	6	27	6.65	34.58
213	6	28	6.65	35.91
214	6	29	6.65	37.24
215	6	30	6.65	38.57
216	6	31	6.65	39.9
217	6	32	6.65	41.23
218	6	33	6.65	42.56
219	6	34	6.65	43.89
220	6	35	6.65	45.22
221	6	36	6.65	46.55
222	6	37	6.65	47.88
223	7	1	7.98	0
224	7	2	7.98	1.33
225	7	3	7.98	2.66
226	7	4	7.98	3.99
227	7	5	7.98	5.32
228	7	6	7.98	6.65
229	7	7	7.98	7.98
230	7	8	7.98	9.31
231	7	9	7.98	10.64
232	7	10	7.98	11.97
233	7	11	7.98	13.3
234	7	12	7.98	14.63
235	7	13	7.98	15.96
236	7	14	7.98	17.29
237	7	15	7.98	18.62
238	7	16	7.98	19.95
239	7	17	7.98	21.28
240	7	18	7.98	22.61
241	7	19	7.98	23.94
242	7	20	7.98	25.27
243	7	21	7.98	26.6
244	7	22	7.98	27.93
245	7	23	7.98	29.26
246	7	24	7.98	30.59
247	7	25	7.98	31.92
248	7	26	7.98	33.25
249	7	27	7.98	34.58
250	7	28	7.98	35.91
251	7	29	7.98	37.24
252	7	30	7.98	38.57
253	7	31	7.98	39.9
254	7	32	7.98	41.23
255	7	33	7.98	42.56
256	7	34	7.98	43.89
257	7	35	7.98	45.22
258	7	36	7.98	46.55
259	7	37	7.98	47.88
260	8	1	9.31	0
261	8	2	9.31	1.33
262	8	3	9.31	2.66
263	8	4	9.31	3.99
264	8	5	9.31	5.32
265	8	6	9.31	6.65
266	8	7	9.31	7.98
267	8	8	9.31	9.31
268	8	9	9.31	10.64
269	8	10	9.31	11.97
270	8	11	9.31	13.3
271	8	12	9.31	14.63
272	8	13	9.31	15.96
273	8	14	9.31	17.29
274	8	15	9.31	18.62
275	8	16	9.31	19.95
276	8	17	9.31	21.28
277	8	18	9.31	22.61
278	8	19	9.31	23.94
279	8	20	9.31	25.27
280	8	21	9.31	26.6
281	8	22	9.31	27.93
282	8	23	9.31	29.26
283	8	24	9.31	30.59
284	8	25	9.31	31.92
285	8	26	9.31	33.25
286	8	27	9.31	34.58
287	8	28	9.31	35.91
288	8	29	9.31	37.24
289	8	30	9.31	38.57
290	8	31	9.31	39.9
291	8	32	9.31	41.23
292	8	33	9.31	42.56
293	8	34	9.31	43.89
294	8	35	9.31	45.22
295	8	36	9.31	46.55
296	8	37	9.31	47.88
297	9	1	10.64	0
298	9	2	10.64	1.33
299	9	3	10.64	2.66
300	9	4	10.64	3.99
301	9	5	10.64	5.32
302	9	6	10.64	6.65
303	9	7	10.64	7.98
304	9	8	10.64	9.31
305	9	9	10.64	10.64
306	9	10	10.64	11.97
307	9	11	10.64	13.3
308	9	12	10.64	14.63
309	9	13	10.64	15.96
310	9	14	10.64	17.29
311	9	15	10.64	18.62
312	9	16	10.64	19.95
313	9	17	10.64	21.28
314	9	18	10.64	22.61
315	9	19	10.64	23.94
316	9	20	10.64	25.27
317	9	21	10.64	26.6
318	9	22	10.64	27.93
319	9	23	10.64	29.26
320	9	24	10.64	30.59
321	9	25	10.64	31.92
322	9	26	10.64	33.25
323	9	27	10.64	34.58
324	9	28	10.64	35.91
325	9	29	10.64	37.24
326	9	30	10.64	38.57
327	9	31	10.64	39.9
328	9	32	10.64	41.23
329	9	33	10.64	42.56
330	9	34	10.64	43.89
331	9	35	10.64	45.22
332	9	36	10.64	46.55
333	9	37	10.64	47.88
334	10	1	11.97	0
335	10	2	11.97	1.33
336	10	3	11.97	2.66
337	10	4	11.97	3.99
338	10	5	11.97	5.32
339	10	6	11.97	6.65
340	10	7	11.97	7.98
341	10	8	11.97	9.31
342	10	9	11.97	10.64
343	10	10	11.97	11.97
344	10	11	11.97	13.3
345	10	12	11.97	14.63
346	10	13	11.97	15.96
347	10	14	11.97	17.29
348	10	15	11.97	18.62
349	10	16	11.97	19.95
350	10	17	11.97	21.28
351	10	18	11.97	22.61
352	10	19	11.97	23.94
353	10	20	11.97	25.27
354	10	21	11.97	26.6
355	10	22	11.97	27.93
356	10	23	11.97	29.26
357	10	24	11.97	30.59
358	10	25	11.97	31.92
359	10	26	11.97	33.25
360	10	27	11.97	34.58
361	10	28	11.97	35.91
362	10	29	11.97	37.24
363	10	30	11.97	38.57
364	10	31	11.97	39.9
365	10	32	11.97	41.23
366	10	33	11.97	42.56
367	10	34	11.97	43.89
368	10	35	11.97	45.22
369	10	36	11.97	46.55
370	10	37	11.97	47.88
371	11	1	13.3	0
372	11	2	13.3	1.33
373	11	3	13.3	2.66
374	11	4	13.3	3.99
375	11	5	13.3	5.32
376	11	6	13.3	6.65
377	11	7	13.3	7.98
378	11	8	13.3	9.31
379	11	9	13.3	10.64
380	11	10	13.3	11.97
381	11	11	13.3	13.3
382	11	12	13.3	14.63
383	11	13	13.3	15.96
384	11	14	13.3	17.29
385	11	15	13.3	18.62
386	11	16	13.3	19.95
387	11	17	13.3	21.28
388	11	18	13.3	22.61
389	11	19	13.3	23.94
390	11	20	13.3	25.27
391	11	21	13.3	26.6
392	11	22	13.3	27.93
393	11	23	13.3	29.26
394	11	24	13.3	30.59
395	11	25	13.3	31.92
396	11	26	13.3	33.25
397	11	27	13.3	34.58
398	11	28	13.3	35.91
399	11	29	13.3	37.24
400	11	30	13.3	38.57
401	11	31	13.3	39.9
402	11	32	13.3	41.23
403	11	33	13.3	42.56
404	11	34	13.3	43.89
405	11	35	13.3	45.22
406	11	36	13.3	46.55
407	11	37	13.3	47.88
408	12	1	14.63	0
409	12	2	14.63	1.33
410	12	3	14.63	2.66
411	12	4	14.63	3.99
412	12	5	14.63	5.32
413	12	6	14.63	6.65
414	12	7	14.63	7.98
415	12	8	14.63	9.31
416	12	9	14.63	10.64
417	12	10	14.63	11.97
418	12	11	14.63	13.3
419	12	12	14.63	14.63
420	12	13	14.63	15.96
421	12	14	14.63	17.29
422	12	15	14.63	18.62
423	12	16	14.63	19.95
424	12	17	14.63	21.28
425	12	18	14.63	22.61
426	12	19	14.63	23.94
427	12	20	14.63	25.27
428	12	21	14.63	26.6
429	12	22	14.63	27.93
430	12	23	14.63	29.26
431	12	24	14.63	30.59
432	12	25	14.63	31.92
433	12	26	14.63	33.25
434	12	27	14.63	34.58
435	12	28	14.63	35.91
436	12	29	14.63	37.24
437	12	30	14.63	38.57
438	12	31	14.63	39.9
439	12	32	14.63	41.23
440	12	33	14.63	42.56
441	12	34	14.63	43.89
442	12	35	14.63	45.22
443	12	36	14.63	46.55
444	12	37	14.63	47.88
445	13	1	15.96	0
446	13	2	15.96	1.33
447	13	3	15.96	2.66
448	13	4	15.96	3.99
449	13	5	15.96	5.32
450	13	6	15.96	6.65
451	13	7	15.96	7.98
452	13	8	15.96	9.31
453	13	9	15.96	10.64
454	13	10	15.96	11.97
455	13	11	15.96	13.3
456	13	12	15.96	14.63
457	13	13	15.96	15.96
458	13	14	15.96	17.29
459	13	15	15.96	18.62
460	13	16	15.96	19.95
461	13	17	15.96	21.28
462	13	18	15.96	22.61
463	13	19	15.96	23.94
464	13	20	15.96	25.27
465	13	21	15.96	26.6
466	13	22	15.96	27.93
467	13	23	15.96	29.26
468	13	24	15.96	30.59
469	13	25	15.96	31.92
470	13	26	15.96	33.25
471	13	27	15.96	34.58
472	13	28	15.96	35.91
473	13	29	15.96	37.24
474	13	30	15.96	38.57
475	13	31	15.96	39.9
476	13	32	15.96	41.23
477	13	33	15.96	42.56
478	13	34	15.96	43.89
479	13	35	15.96	45.22
480	13	36	15.96	46.55
481	13	37	15.96	47.88
482	14	1	17.29	0
483	14	2	17.29	1.33
484	14	3	17.29	2.66
485	14	4	17.29	3.99
486	14	5	17.29	5.32
487	14	6	17.29	6.65
488	14	7	17.29	7.98
489	14	8	17.29	9.31
490	14	9	17.29	10.64
491	14	10	17.29	11.97
492	14	11	17.29	13.3
493	14	12	17.29	14.63
494	14	13	17.29	15.96
495	14	14	17.29	17.29
496	14	15	17.29	18.62
497	14	16	17.29	19.95
498	14	17	17.29	21.28
499	14	18	17.29	22.61
500	14	19	17.29	23.94
501	14	20	17.29	25.27
502	14	21	17.29	26.6
503	14	22	17.29	27.93
504	14	23	17.29	29.26
505	14	24	17.29	30.59
506	14	25	17.29	31.92
507	14	26	17.29	33.25
508	14	27	17.29	34.58
509	14	28	17.29	35.91
510	14	29	17.29	37.24
511	14	30	17.29	38.57
512	14	31	17.29	39.9
513	14	32	17.29	41.23
514	14	33	17.29	42.56
515	14	34	17.29	43.89
516	14	35	17.29	45.22
517	14	36	17.29	46.55
518	14	37	17.29	47.88
