##X¡¢Y unit mm	
Param	XOffset=3	YOffset=1	XSpan=1.33	YSpan=1.33	Rotate=0	Mirror=1	ZoomScale=10
##TID(%03d)	I(%02d)	J(%02d)	X(%5.2f)	Y(%5.2f)
1	1	1	0	0
2	1	2	0	1.33
3	1	3	0	2.66
4	1	4	0	3.99
5	1	5	0	5.32
6	1	6	0	6.65
7	1	7	0	7.98
8	1	8	0	9.31
9	1	9	0	10.64
10	1	10	0	11.97
11	1	11	0	13.3
12	1	12	0	14.63
13	1	13	0	15.96
14	1	14	0	17.29
15	1	15	0	18.62
16	1	16	0	19.95
17	1	17	0	21.28
18	1	18	0	22.61
19	1	19	0	23.94
20	1	20	0	25.27
21	1	21	0	26.6
22	1	22	0	27.93
23	1	23	0	29.26
24	1	24	0	30.59
25	1	25	0	31.92
26	1	26	0	33.25
27	1	27	0	34.58
28	1	28	0	35.91
29	1	29	0	37.24
30	1	30	0	38.57
31	1	31	0	39.9
32	1	32	0	41.23
33	1	33	0	42.56
34	1	34	0	43.89
35	1	35	0	45.22
36	1	36	0	46.55
37	1	37	0	47.88
38	1	38	0	49.21
39	2	38	1.33	49.21
40	2	37	1.33	47.88
41	2	36	1.33	46.55
42	2	35	1.33	45.22
43	2	34	1.33	43.89
44	2	33	1.33	42.56
45	2	32	1.33	41.23
46	2	31	1.33	39.9
47	2	30	1.33	38.57
48	2	29	1.33	37.24
49	2	28	1.33	35.91
50	2	27	1.33	34.58
51	2	26	1.33	33.25
52	2	25	1.33	31.92
53	2	24	1.33	30.59
54	2	23	1.33	29.26
55	2	22	1.33	27.93
56	2	21	1.33	26.6
57	2	20	1.33	25.27
58	2	19	1.33	23.94
59	2	18	1.33	22.61
60	2	17	1.33	21.28
61	2	16	1.33	19.95
62	2	15	1.33	18.62
63	2	14	1.33	17.29
64	2	13	1.33	15.96
65	2	12	1.33	14.63
66	2	11	1.33	13.3
67	2	10	1.33	11.97
68	2	9	1.33	10.64
69	2	8	1.33	9.31
70	2	7	1.33	7.98
71	2	6	1.33	6.65
72	2	5	1.33	5.32
73	2	4	1.33	3.99
74	2	3	1.33	2.66
75	2	2	1.33	1.33
76	2	1	1.33	0
77	3	1	2.66	0
78	3	2	2.66	1.33
79	3	3	2.66	2.66
80	3	4	2.66	3.99
81	3	5	2.66	5.32
82	3	6	2.66	6.65
83	3	7	2.66	7.98
84	3	8	2.66	9.31
85	3	9	2.66	10.64
86	3	10	2.66	11.97
87	3	11	2.66	13.3
88	3	12	2.66	14.63
89	3	13	2.66	15.96
90	3	14	2.66	17.29
91	3	15	2.66	18.62
92	3	16	2.66	19.95
93	3	17	2.66	21.28
94	3	18	2.66	22.61
95	3	19	2.66	23.94
96	3	20	2.66	25.27
97	3	21	2.66	26.6
98	3	22	2.66	27.93
99	3	23	2.66	29.26
100	3	24	2.66	30.59
101	3	25	2.66	31.92
102	3	26	2.66	33.25
103	3	27	2.66	34.58
104	3	28	2.66	35.91
105	3	29	2.66	37.24
106	3	30	2.66	38.57
107	3	31	2.66	39.9
108	3	32	2.66	41.23
109	3	33	2.66	42.56
110	3	34	2.66	43.89
111	3	35	2.66	45.22
112	3	36	2.66	46.55
113	3	37	2.66	47.88
114	3	38	2.66	49.21
115	4	38	3.99	49.21
116	4	37	3.99	47.88
117	4	36	3.99	46.55
118	4	35	3.99	45.22
119	4	34	3.99	43.89
120	4	33	3.99	42.56
121	4	32	3.99	41.23
122	4	31	3.99	39.9
123	4	30	3.99	38.57
124	4	29	3.99	37.24
125	4	28	3.99	35.91
126	4	27	3.99	34.58
127	4	26	3.99	33.25
128	4	25	3.99	31.92
129	4	24	3.99	30.59
130	4	23	3.99	29.26
131	4	22	3.99	27.93
132	4	21	3.99	26.6
133	4	20	3.99	25.27
134	4	19	3.99	23.94
135	4	18	3.99	22.61
136	4	17	3.99	21.28
137	4	16	3.99	19.95
138	4	15	3.99	18.62
139	4	14	3.99	17.29
140	4	13	3.99	15.96
141	4	12	3.99	14.63
142	4	11	3.99	13.3
143	4	10	3.99	11.97
144	4	9	3.99	10.64
145	4	8	3.99	9.31
146	4	7	3.99	7.98
147	4	6	3.99	6.65
148	4	5	3.99	5.32
149	4	4	3.99	3.99
150	4	3	3.99	2.66
151	4	2	3.99	1.33
152	4	1	3.99	0
153	5	1	5.32	0
154	5	2	5.32	1.33
155	5	3	5.32	2.66
156	5	4	5.32	3.99
157	5	5	5.32	5.32
158	5	6	5.32	6.65
159	5	7	5.32	7.98
160	5	8	5.32	9.31
161	5	9	5.32	10.64
162	5	10	5.32	11.97
163	5	11	5.32	13.3
164	5	12	5.32	14.63
165	5	13	5.32	15.96
166	5	14	5.32	17.29
167	5	15	5.32	18.62
168	5	16	5.32	19.95
169	5	17	5.32	21.28
170	5	18	5.32	22.61
171	5	19	5.32	23.94
172	5	20	5.32	25.27
173	5	21	5.32	26.6
174	5	22	5.32	27.93
175	5	23	5.32	29.26
176	5	24	5.32	30.59
177	5	25	5.32	31.92
178	5	26	5.32	33.25
179	5	27	5.32	34.58
180	5	28	5.32	35.91
181	5	29	5.32	37.24
182	5	30	5.32	38.57
183	5	31	5.32	39.9
184	5	32	5.32	41.23
185	5	33	5.32	42.56
186	5	34	5.32	43.89
187	5	35	5.32	45.22
188	5	36	5.32	46.55
189	5	37	5.32	47.88
190	5	38	5.32	49.21
191	6	38	6.65	49.21
192	6	37	6.65	47.88
193	6	36	6.65	46.55
194	6	35	6.65	45.22
195	6	34	6.65	43.89
196	6	33	6.65	42.56
197	6	32	6.65	41.23
198	6	31	6.65	39.9
199	6	30	6.65	38.57
200	6	29	6.65	37.24
201	6	28	6.65	35.91
202	6	27	6.65	34.58
203	6	26	6.65	33.25
204	6	25	6.65	31.92
205	6	24	6.65	30.59
206	6	23	6.65	29.26
207	6	22	6.65	27.93
208	6	21	6.65	26.6
209	6	20	6.65	25.27
210	6	19	6.65	23.94
211	6	18	6.65	22.61
212	6	17	6.65	21.28
213	6	16	6.65	19.95
214	6	15	6.65	18.62
215	6	14	6.65	17.29
216	6	13	6.65	15.96
217	6	12	6.65	14.63
218	6	11	6.65	13.3
219	6	10	6.65	11.97
220	6	9	6.65	10.64
221	6	8	6.65	9.31
222	6	7	6.65	7.98
223	6	6	6.65	6.65
224	6	5	6.65	5.32
225	6	4	6.65	3.99
226	6	3	6.65	2.66
227	6	2	6.65	1.33
228	6	1	6.65	0
229	7	1	7.98	0
230	7	2	7.98	1.33
231	7	3	7.98	2.66
232	7	4	7.98	3.99
233	7	5	7.98	5.32
234	7	6	7.98	6.65
235	7	7	7.98	7.98
236	7	8	7.98	9.31
237	7	9	7.98	10.64
238	7	10	7.98	11.97
239	7	11	7.98	13.3
240	7	12	7.98	14.63
241	7	13	7.98	15.96
242	7	14	7.98	17.29
243	7	15	7.98	18.62
244	7	16	7.98	19.95
245	7	17	7.98	21.28
246	7	18	7.98	22.61
247	7	19	7.98	23.94
248	7	20	7.98	25.27
249	7	21	7.98	26.6
250	7	22	7.98	27.93
251	7	23	7.98	29.26
252	7	24	7.98	30.59
253	7	25	7.98	31.92
254	7	26	7.98	33.25
255	7	27	7.98	34.58
256	7	28	7.98	35.91
257	7	29	7.98	37.24
258	7	30	7.98	38.57
259	7	31	7.98	39.9
260	7	32	7.98	41.23
261	7	33	7.98	42.56
262	7	34	7.98	43.89
263	7	35	7.98	45.22
264	7	36	7.98	46.55
265	7	37	7.98	47.88
266	7	38	7.98	49.21
267	8	38	9.31	49.21
268	8	37	9.31	47.88
269	8	36	9.31	46.55
270	8	35	9.31	45.22
271	8	34	9.31	43.89
272	8	33	9.31	42.56
273	8	32	9.31	41.23
274	8	31	9.31	39.9
275	8	30	9.31	38.57
276	8	29	9.31	37.24
277	8	28	9.31	35.91
278	8	27	9.31	34.58
279	8	26	9.31	33.25
280	8	25	9.31	31.92
281	8	24	9.31	30.59
282	8	23	9.31	29.26
283	8	22	9.31	27.93
284	8	21	9.31	26.6
285	8	20	9.31	25.27
286	8	19	9.31	23.94
287	8	18	9.31	22.61
288	8	17	9.31	21.28
289	8	16	9.31	19.95
290	8	15	9.31	18.62
291	8	14	9.31	17.29
292	8	13	9.31	15.96
293	8	12	9.31	14.63
294	8	11	9.31	13.3
295	8	10	9.31	11.97
296	8	9	9.31	10.64
297	8	8	9.31	9.31
298	8	7	9.31	7.98
299	8	6	9.31	6.65
300	8	5	9.31	5.32
301	8	4	9.31	3.99
302	8	3	9.31	2.66
303	8	2	9.31	1.33
304	8	1	9.31	0
305	9	1	10.64	0
306	9	2	10.64	1.33
307	9	3	10.64	2.66
308	9	4	10.64	3.99
309	9	5	10.64	5.32
310	9	6	10.64	6.65
311	9	7	10.64	7.98
312	9	8	10.64	9.31
313	9	9	10.64	10.64
314	9	10	10.64	11.97
315	9	11	10.64	13.3
316	9	12	10.64	14.63
317	9	13	10.64	15.96
318	9	14	10.64	17.29
319	9	15	10.64	18.62
320	9	16	10.64	19.95
321	9	17	10.64	21.28
322	9	18	10.64	22.61
323	9	19	10.64	23.94
324	9	20	10.64	25.27
325	9	21	10.64	26.6
326	9	22	10.64	27.93
327	9	23	10.64	29.26
328	9	24	10.64	30.59
329	9	25	10.64	31.92
330	9	26	10.64	33.25
331	9	27	10.64	34.58
332	9	28	10.64	35.91
333	9	29	10.64	37.24
334	9	30	10.64	38.57
335	9	31	10.64	39.9
336	9	32	10.64	41.23
337	9	33	10.64	42.56
338	9	34	10.64	43.89
339	9	35	10.64	45.22
340	9	36	10.64	46.55
341	9	37	10.64	47.88
342	9	38	10.64	49.21
343	10	38	11.97	49.21
344	10	37	11.97	47.88
345	10	36	11.97	46.55
346	10	35	11.97	45.22
347	10	34	11.97	43.89
348	10	33	11.97	42.56
349	10	32	11.97	41.23
350	10	31	11.97	39.9
351	10	30	11.97	38.57
352	10	29	11.97	37.24
353	10	28	11.97	35.91
354	10	27	11.97	34.58
355	10	26	11.97	33.25
356	10	25	11.97	31.92
357	10	24	11.97	30.59
358	10	23	11.97	29.26
359	10	22	11.97	27.93
360	10	21	11.97	26.6
361	10	20	11.97	25.27
362	10	19	11.97	23.94
363	10	18	11.97	22.61
364	10	17	11.97	21.28
365	10	16	11.97	19.95
366	10	15	11.97	18.62
367	10	14	11.97	17.29
368	10	13	11.97	15.96
369	10	12	11.97	14.63
370	10	11	11.97	13.3
371	10	10	11.97	11.97
372	10	9	11.97	10.64
373	10	8	11.97	9.31
374	10	7	11.97	7.98
375	10	6	11.97	6.65
376	10	5	11.97	5.32
377	10	4	11.97	3.99
378	10	3	11.97	2.66
379	10	2	11.97	1.33
380	10	1	11.97	0
381	11	1	13.3	0
382	11	2	13.3	1.33
383	11	3	13.3	2.66
384	11	4	13.3	3.99
385	11	5	13.3	5.32
386	11	6	13.3	6.65
387	11	7	13.3	7.98
388	11	8	13.3	9.31
389	11	9	13.3	10.64
390	11	10	13.3	11.97
391	11	11	13.3	13.3
392	11	12	13.3	14.63
393	11	13	13.3	15.96
394	11	14	13.3	17.29
395	11	15	13.3	18.62
396	11	16	13.3	19.95
397	11	17	13.3	21.28
398	11	18	13.3	22.61
399	11	19	13.3	23.94
400	11	20	13.3	25.27
401	11	21	13.3	26.6
402	11	22	13.3	27.93
403	11	23	13.3	29.26
404	11	24	13.3	30.59
405	11	25	13.3	31.92
406	11	26	13.3	33.25
407	11	27	13.3	34.58
408	11	28	13.3	35.91
409	11	29	13.3	37.24
410	11	30	13.3	38.57
411	11	31	13.3	39.9
412	11	32	13.3	41.23
413	11	33	13.3	42.56
414	11	34	13.3	43.89
415	11	35	13.3	45.22
416	11	36	13.3	46.55
417	11	37	13.3	47.88
418	11	38	13.3	49.21
419	12	38	14.63	49.21
420	12	37	14.63	47.88
421	12	36	14.63	46.55
422	12	35	14.63	45.22
423	12	34	14.63	43.89
424	12	33	14.63	42.56
425	12	32	14.63	41.23
426	12	31	14.63	39.9
427	12	30	14.63	38.57
428	12	29	14.63	37.24
429	12	28	14.63	35.91
430	12	27	14.63	34.58
431	12	26	14.63	33.25
432	12	25	14.63	31.92
433	12	24	14.63	30.59
434	12	23	14.63	29.26
435	12	22	14.63	27.93
436	12	21	14.63	26.6
437	12	20	14.63	25.27
438	12	19	14.63	23.94
439	12	18	14.63	22.61
440	12	17	14.63	21.28
441	12	16	14.63	19.95
442	12	15	14.63	18.62
443	12	14	14.63	17.29
444	12	13	14.63	15.96
445	12	12	14.63	14.63
446	12	11	14.63	13.3
447	12	10	14.63	11.97
448	12	9	14.63	10.64
449	12	8	14.63	9.31
450	12	7	14.63	7.98
451	12	6	14.63	6.65
452	12	5	14.63	5.32
453	12	4	14.63	3.99
454	12	3	14.63	2.66
455	12	2	14.63	1.33
456	12	1	14.63	0
457	13	1	15.96	0
458	13	2	15.96	1.33
459	13	3	15.96	2.66
460	13	4	15.96	3.99
461	13	5	15.96	5.32
462	13	6	15.96	6.65
463	13	7	15.96	7.98
464	13	8	15.96	9.31
465	13	9	15.96	10.64
466	13	10	15.96	11.97
467	13	11	15.96	13.3
468	13	12	15.96	14.63
469	13	13	15.96	15.96
470	13	14	15.96	17.29
471	13	15	15.96	18.62
472	13	16	15.96	19.95
473	13	17	15.96	21.28
474	13	18	15.96	22.61
475	13	19	15.96	23.94
476	13	20	15.96	25.27
477	13	21	15.96	26.6
478	13	22	15.96	27.93
479	13	23	15.96	29.26
480	13	24	15.96	30.59
481	13	25	15.96	31.92
482	13	26	15.96	33.25
483	13	27	15.96	34.58
484	13	28	15.96	35.91
485	13	29	15.96	37.24
486	13	30	15.96	38.57
487	13	31	15.96	39.9
488	13	32	15.96	41.23
489	13	33	15.96	42.56
490	13	34	15.96	43.89
491	13	35	15.96	45.22
492	13	36	15.96	46.55
493	13	37	15.96	47.88
494	13	38	15.96	49.21
495	14	38	17.29	49.21
496	14	37	17.29	47.88
497	14	36	17.29	46.55
498	14	35	17.29	45.22
499	14	34	17.29	43.89
500	14	33	17.29	42.56
501	14	32	17.29	41.23
502	14	31	17.29	39.9
503	14	30	17.29	38.57
504	14	29	17.29	37.24
505	14	28	17.29	35.91
506	14	27	17.29	34.58
507	14	26	17.29	33.25
508	14	25	17.29	31.92
509	14	24	17.29	30.59
510	14	23	17.29	29.26
511	14	22	17.29	27.93
512	14	21	17.29	26.6
513	14	20	17.29	25.27
514	14	19	17.29	23.94
515	14	18	17.29	22.61
516	14	17	17.29	21.28
517	14	16	17.29	19.95
518	14	15	17.29	18.62
519	14	14	17.29	17.29
520	14	13	17.29	15.96
521	14	12	17.29	14.63
522	14	11	17.29	13.3
523	14	10	17.29	11.97
524	14	9	17.29	10.64
525	14	8	17.29	9.31
526	14	7	17.29	7.98
527	14	6	17.29	6.65
528	14	5	17.29	5.32
529	14	4	17.29	3.99
530	14	3	17.29	2.66
531	14	2	17.29	1.33
532	14	1	17.29	0
533	15	1	18.62	0
534	15	2	18.62	1.33
535	15	3	18.62	2.66
536	15	4	18.62	3.99
537	15	5	18.62	5.32
538	15	6	18.62	6.65
539	15	7	18.62	7.98
540	15	8	18.62	9.31
541	15	9	18.62	10.64
542	15	10	18.62	11.97
543	15	11	18.62	13.3
544	15	12	18.62	14.63
545	15	13	18.62	15.96
546	15	14	18.62	17.29
547	15	15	18.62	18.62
548	15	16	18.62	19.95
549	15	17	18.62	21.28
550	15	18	18.62	22.61
551	15	19	18.62	23.94
552	15	20	18.62	25.27
553	15	21	18.62	26.6
554	15	22	18.62	27.93
555	15	23	18.62	29.26
556	15	24	18.62	30.59
557	15	25	18.62	31.92
558	15	26	18.62	33.25
559	15	27	18.62	34.58
560	15	28	18.62	35.91
561	15	29	18.62	37.24
562	15	30	18.62	38.57
563	15	31	18.62	39.9
564	15	32	18.62	41.23
565	15	33	18.62	42.56
566	15	34	18.62	43.89
567	15	35	18.62	45.22
568	15	36	18.62	46.55
569	15	37	18.62	47.88
570	15	38	18.62	49.21